0
 0.437469 -0.418072  0.796138
 0.897462  0.147452 -0.415715
0.0564073  0.896367   0.43971
1
   0.540648   -0.226557    0.810168
   0.841241    0.149592   -0.519553
-0.00348661    0.962442    0.271466
2
-0.924563 -0.164156  0.343854
   0.3801 -0.460334  0.802257
0.0265928  0.872436  0.488004
3
  -0.16735   0.294435  -0.940905
 -0.985667 -0.0293529   0.166127
 0.0212952   0.955221   0.295128
4
 -0.488888   0.318424  -0.812154
 -0.871616  -0.216389   0.439842
-0.0356853    0.92292   0.383334
5
-0.0834272    0.23403  -0.968643
 -0.996429 -0.0322528  0.0780279
-0.0129806   0.971694   0.235886
6
 -0.180657   0.351066  -0.918758
 -0.983456  -0.077107   0.163916
-0.0132973    0.93317   0.359188
7
 -0.282544    0.24373  -0.927774
 -0.959074 -0.0905289   0.268293
-0.0185991   0.965609   0.259334
8
-0.846662  0.223382 -0.482974
-0.521257 -0.165614  0.837176
 0.107023  0.960558  0.256659
9
 -0.266256   0.242891  -0.932798
 -0.963288  -0.101601   0.248504
-0.0344144   0.964718   0.261026
10
-0.861124  0.202345 -0.466392
-0.497511 -0.146588  0.854982
 0.104634  0.968281    0.2269
11
 -0.986279   0.143446 -0.0817069
 -0.112918  -0.225146    0.96776
  0.120425   0.963708   0.238254
12
  0.939973   0.141284  -0.310628
 -0.334876   0.206793   -0.91929
-0.0656449    0.96813   0.241692
13
  0.607147  -0.492897   0.623238
  0.794431   0.392215  -0.463731
-0.0158716   0.776672   0.629705
14
 0.177566 -0.148244 -0.972879
-0.965866 -0.215721 -0.143415
 -0.18861  0.965136 -0.181489
15
  0.552166  -0.552674   0.624231
  0.833031   0.396456  -0.385852
-0.0342302   0.733058   0.679304
16
  0.691349  -0.373629   0.618415
  0.721865   0.393652  -0.569166
-0.0307834   0.839904   0.541861
17
-0.716561 -0.194505  0.669857
 0.695988 -0.263068  0.668128
0.0462637  0.944967  0.323877
18
-0.952992 -0.025447  0.301926
 0.298646 -0.247131  0.921812
0.0511578  0.968648  0.243113
19
-0.569331 -0.163907  0.805603
 0.821489 -0.151434  0.549748
0.0318877  0.974783  0.220864
20
0.00357455  -0.328756   0.944408
  0.999079  0.0415519  0.0106831
-0.0427541     0.9435   0.328602
21
  0.929714 -0.0720089   0.361175
  0.362742   0.348531  -0.864259
-0.0636463   0.934527   0.350155
22
  0.605585  -0.198563    0.77061
  0.795779   0.149384  -0.586873
0.00141463   0.968637   0.248477
23
 0.952147  -0.28386  0.113311
 0.232496  0.432019 -0.871381
 0.198398  0.856028  0.477342
24
 0.109275  0.292187 -0.950098
-0.993297 0.0683269 -0.093231
0.0376764  0.953917  0.297695
25
  -0.866908   0.0701398    0.493509
   0.492114  -0.0371496    0.869738
  0.0793369    0.996845 -0.00231148
26
 -0.691683  0.0358595   0.721311
  0.719127 -0.0578667   0.692465
 0.0665714    0.99768  0.0142379
27
  0.52452 -0.844291  0.109778
 0.518639  0.214595 -0.827625
 0.675199  0.491041  0.550441
28
   -0.229413    0.0370127    -0.972625
   -0.973292 -3.42613e-06      0.22957
  0.00849367     0.999315    0.0360249
29
  -0.186065 -0.00627978   -0.982517
  -0.981436   0.0485298     0.18555
  0.0465162    0.998802  -0.0151929
30
 0.669162 -0.308005   0.67628
 0.718921  0.498658 -0.484245
-0.188082   0.81023  0.555115
31
 0.536862  0.512886 -0.669871
-0.824456   0.15045 -0.545561
-0.179029   0.84517  0.503623
32
 0.926075  0.262015 -0.271539
-0.353523  0.350847 -0.867138
-0.131934   0.89903  0.417539
33
0.0557246  0.202728  0.977648
 0.830423  0.534226 -0.158111
-0.554339  0.820673  -0.13858
34
 0.964805  0.143617 -0.220285
-0.238426  0.124385 -0.963162
-0.110927  0.981785   0.15425
35
 0.850433 -0.385277  0.358227
 0.521309  0.525624 -0.672277
0.0707201  0.758473  0.647856
36
   0.999598   0.0281673  0.00336284
0.000191786    0.111833   -0.993727
 -0.0283667    0.993328    0.111783
37
 0.599526 -0.173155    0.7814
  0.79954 0.0855389  -0.59449
 0.036099  0.981173  0.189727
38
  -0.999886   -0.014865 -0.00261159
0.000879577   -0.230135    0.973158
  -0.015067    0.973045    0.230122
39
-0.933374 -0.102329  0.344009
  0.35798 -0.334208  0.871869
0.0257529  0.936928  0.348573
40
-0.933213  -0.14259  0.329821
 0.342549 -0.075855  0.936433
-0.108507  0.986871  0.119633
41
-0.614553  0.264955  -0.74305
 -0.78662 -0.134639  0.602579
0.0596125  0.954815  0.291162
42
-0.995109 0.0341603 0.0926882
 0.076849 -0.321837  0.943671
0.0620665  0.946179  0.317638
43
-0.617696 -0.159234  0.770127
 0.730216 -0.479687  0.486503
 0.291953   0.86287  0.412576
44
-0.935648   0.21793  0.277615
 0.150857 -0.464167  0.872807
  0.31907   0.85852   0.40142
45
-0.642673 -0.118072  0.756987
 0.691122 -0.515753  0.506309
 0.330638  0.848562  0.413063
46
 -0.920664   0.389437 -0.0267596
 -0.193612   -0.39604    0.89759
  0.338956    0.83156   0.440019
47
-0.917456  0.380576 -0.115917
-0.248958 -0.321945  0.913439
 0.310315  0.866898  0.390118
48
 -0.636995   0.209811   0.741766
  0.744564 -0.0817648   0.662525
  0.199655   0.974317  -0.104134
49
-0.707723  0.500556 -0.498569
-0.634469 -0.139894  0.760183
 0.310768  0.854326  0.416594
50
  -0.995597   0.0937018 -0.00265155
 -0.0145834   -0.126885     0.99181
   0.092598    0.987482    0.127693
51
-0.993297   0.10992 0.0357634
0.0111061  -0.21721  0.976062
 0.115057  0.969916  0.214533
52
   0.5135 -0.153128  0.844316
 0.845057   0.26108   -0.4666
-0.148984  0.953095  0.263466
53
  0.793044 -0.0370189   0.608038
  0.592108   0.281385  -0.755136
 -0.143138   0.958881    0.24507
54
 0.520424 -0.108481  0.846989
 0.826259  0.314339 -0.467426
-0.215535  0.943092  0.253223
55
  0.711664   0.245158  -0.658355
 -0.696743   0.126374  -0.706101
-0.0899072   0.961211   0.260748
56
  0.529368   0.147306  -0.835506
 -0.847232  0.0402958  -0.529693
-0.0443596    0.98827   0.146134
57
-0.773608  0.153796  0.614717
 0.426752 -0.590663  0.684836
 0.468416  0.792126  0.391309
58
  0.162068  -0.667584   0.726681
  0.986777   0.107959  -0.120897
0.00225762   0.736666   0.676253
59
 0.678097  0.709903  0.190321
 0.571112 -0.345951 -0.744412
-0.462618  0.613478 -0.640022
60
-0.308506 -0.566096  0.764434
 0.904325 0.0746751  0.420262
-0.294993   0.82095  0.488897
61
-0.807564 -0.425584  0.408312
 0.518361 -0.181942  0.835583
-0.281322   0.88644  0.367536
62
-0.788034 -0.457913  0.411482
 0.557664 -0.247815  0.792211
-0.260793  0.853758  0.450648
63
 -0.386022  -0.475855   0.790284
  0.902566 -0.0177404   0.430185
 -0.190686   0.879345   0.436339
64
-0.941885 -0.316596  0.112334
 0.194705 -0.241986  0.950543
-0.273754  0.917175  0.289566
65
 -0.930544   0.150483   0.333831
  0.324589 -0.0830218   0.942205
  0.169501    0.98512  0.0284102
66
 -0.484304 -0.0275507   0.874466
   0.87455 -0.0435222   0.482979
 0.0247523   0.998673  0.0451724
67
 -0.308839  -0.160476   0.937478
  0.950657 -0.0826522   0.299033
  0.029497   0.983573   0.178084
68
 -0.872526   -0.34573    0.34521
  0.479467  -0.470181   0.740973
-0.0938652   0.812035   0.576011
69
  0.929888 -0.0421615   0.365418
  0.367493    0.14972  -0.917896
-0.0160103   0.987829   0.154717
70
-0.694905  0.333182 -0.637257
-0.707412 -0.157597  0.689008
 0.129135  0.929598  0.345212
71
-0.0157295  -0.115483   0.993185
  0.999854 -0.0084284  0.0148551
0.00665544   0.993274   0.115599
72
 -0.156058 -0.0113612   0.987683
  0.987631  0.0135984   0.156206
-0.0152056   0.999843 0.00909852
73
-0.765122  0.283753  -0.57799
-0.640876  -0.24892  0.726165
0.0621783  0.926025  0.372305
74
  0.251547  -0.126427  -0.959552
 -0.939441   0.206534  -0.273487
  0.232756   0.970237 -0.0668182
75
-0.980511 0.0982745 -0.170119
-0.190326 -0.260376  0.946562
0.0487281  0.960493  0.274006
76
-0.818858  0.202528  -0.53708
-0.572029 -0.210527  0.792755
0.0474854  0.956379  0.288243
77
 0.547598  0.121027 -0.827942
-0.800826  0.362592  -0.47666
 0.242516  0.924056  0.295476
78
-0.554521 -0.434159  0.709939
 0.807189 -0.488082  0.331998
 0.202368  0.757154    0.6211
79
 0.0911822   -0.19185   0.977179
  0.994809  0.0620678 -0.0806415
-0.0451803    0.97946   0.196514
80
-0.0459731  -0.192789   0.980163
  0.998539  0.0190207  0.0505762
-0.0283939   0.981056   0.191633
81
 0.531691 -0.320783  0.783838
 0.844246  0.127012 -0.520688
0.0674715  0.938598  0.338351
82
 0.953928 0.0609129 -0.293786
-0.294451  0.378085 -0.877696
0.0576132  0.923765  0.378602
83
  0.75779 -0.183043  0.626299
 0.651411  0.156815 -0.742343
0.0376677  0.970517  0.238069
84
 0.895148 -0.275542   0.35041
 0.441904  0.445219 -0.778782
0.0585777  0.851973  0.520299
85
 0.107139  0.451167 -0.885985
-0.993828 0.0228241 -0.108558
-0.028756  0.892147  0.450828
86
   0.653415    0.414875   -0.633188
  -0.756962    0.349719   -0.552001
-0.00757307    0.839985    0.542556
87
 -0.522222  -0.196967   0.829752
  0.849507 -0.0345968   0.526442
-0.0749848     0.9798   0.185392
88
  0.224303 -0.0518544   0.973139
  0.968633   0.121451  -0.216793
 -0.106947   0.991242  0.0774697
89
 -0.980818   -0.18269 -0.0679679
0.00152014  -0.355849   0.934542
 -0.194917   0.916513   0.349301
90
 0.0674119  -0.263634   0.962264
   0.98026   0.197169 -0.0146538
 -0.185866   0.944257   0.271721
91
-0.563472 -0.317887  0.762527
 0.815787 -0.068468  0.574285
-0.130349  0.945653  0.297908
92
-0.0298816  -0.281125   0.959206
   0.99549  0.0780699  0.0538928
-0.0900357    0.95649   0.277524
93
 0.539974 0.0222443 -0.841388
-0.834225   0.14691 -0.531493
 0.111786    0.9889 0.0978844
94
-0.0643797  0.0538116   0.996474
  0.964604  -0.252525  0.0759576
  0.255722   0.966093 -0.0356494
95
-0.988235 -0.148348 0.0371987
0.0841917 -0.324619   0.94209
-0.127682  0.934139   0.33329
96
 0.360206 -0.301959  0.882651
 0.917534  0.285552 -0.276752
-0.168475   0.90955  0.379915
97
  0.28202 -0.256243  0.924556
 0.951902  0.195048 -0.236304
-0.119781  0.946729  0.298926
98
-0.0375845  0.0647083  -0.997196
 -0.999267 0.00481292  0.0379748
0.00725672   0.997893    0.06448
99
 0.851696  0.222371 -0.474516
-0.505278  0.588581 -0.631084
 0.138956  0.777254  0.613651
100
  0.279479   0.273735  -0.920305
 -0.960096  0.0693335   -0.27094
-0.0103579   0.959303   0.282189
101
 -0.101264   0.250082  -0.962915
 -0.990221  -0.118694  0.0733091
-0.0959585   0.960922   0.259656
102
 -0.875355    0.14635  -0.460798
 -0.436684   0.169742   0.883456
  0.207511   0.974561 -0.0846754
103
-0.970388  0.217484  -0.10511
-0.155212 -0.227985  0.961214
 0.185085  0.949065   0.25499
104
  0.610633  -0.201136  -0.765945
 -0.786146  -0.270485  -0.555709
-0.0954033   0.941479   -0.32329
105
-0.987919  0.131792 0.0815313
0.0404439 -0.288613  0.956591
 0.149602  0.948332  0.279796
106
-0.847533  0.231658 -0.477518
-0.522711 -0.208397  0.826646
0.0919855  0.950213  0.297713
107
-0.364693   0.28281  -0.88714
-0.921438 0.0274769  0.387552
 0.133979  0.958782  0.250572
108
-0.938933  0.263629 -0.221145
-0.284518 -0.233335  0.929841
 0.193532  0.935978  0.294093
109
 0.562126   -0.3328  0.757139
  0.82454  0.154206 -0.544385
 0.064416  0.930304  0.361089
110
0.0344752 -0.429598  0.902362
 0.958923 -0.240156  -0.15097
 0.281564    0.8705  0.403672
111
 0.697111 -0.441973  0.564532
  0.71488  0.368513  -0.59426
0.0546096  0.817838  0.572852
112
 0.561416 -0.464096  0.685148
 0.825664  0.258513 -0.501448
0.0556004  0.847223  0.528321
113
 0.651429 -0.407421  0.640038
 0.563391 -0.305254 -0.767731
 0.508164  0.860714 0.0306855
114
-0.222559  0.362143 -0.905163
-0.973071  -0.02538  0.229102
0.0599947  0.931777   0.35804
115
 -0.230002   0.442177  -0.866936
 -0.971159 -0.0467632   0.233801
 0.0628409   0.895708    0.44018
116
-0.878109 -0.295435  0.376354
 0.456772 -0.283483  0.843206
-0.142423  0.912335  0.383876
117
   0.92036  0.0939529  -0.379619
  -0.39029   0.159286  -0.906808
-0.0247293   0.982752   0.183269
118
  0.886509   0.128348  -0.444554
 -0.459346   0.128449  -0.878921
-0.0557053   0.983376   0.172827
119
 0.930906  0.164706  0.326016
 0.199688  0.517875 -0.831824
-0.305842  0.839451  0.449203
120
   0.135939   -0.301611     0.94369
   0.989554 -0.00479886    -0.14408
  0.0479846    0.953419    0.297808
121
-0.324824 -0.277472  0.904156
 0.945202 -0.128507  0.300133
0.0329119    0.9521   0.30401
122
 -0.347733  -0.614645   0.708021
  0.934385  -0.164761   0.315876
-0.0774974   0.771405   0.631608
123
 0.264847  0.152052 -0.952227
-0.868607 -0.391239 -0.304063
-0.418782  0.907641 0.0284544
124
 0.827634 -0.529953  0.184858
0.0958336 -0.191091 -0.976883
 0.553027  0.826217 -0.107366
125
 -0.187771  -0.656799   0.730313
  0.976726 -0.0463804   0.209415
 -0.103671   0.752638   0.650222
126
 -0.143754  -0.216283    0.96569
  0.988503 -0.0775925   0.129772
 0.0468629   0.973243    0.22495
127
-0.955866  0.209231 -0.206256
-0.230948 -0.101143  0.967695
 0.181611  0.972621  0.145001
128
  0.066708  -0.134127   0.988716
   0.99749 -0.0146249 -0.0692839
 0.0237527   0.990856   0.132814
129
 -0.366407  -0.187355   0.911397
  0.929516 -0.0297129   0.367583
-0.0417883   0.981843   0.185037
130
  0.533009 -0.0652633   0.843589
  0.845978  0.0234831  -0.532701
 0.0149558   0.997592   0.067728
131
 0.425392 -0.775208  0.467005
 0.863674  0.193568 -0.465401
 0.270386  0.601319  0.751869
132
-0.899835  0.115781  0.420585
 0.384899 -0.243028  0.890388
 0.205304  0.963085  0.174121
133
  0.809754   0.123132  -0.573704
 -0.586767   0.167557   -0.79223
-0.0014206   0.978143    0.20793
134
 0.656258  0.249451 -0.712109
-0.754194  0.245281 -0.609121
0.0227211  0.936809  0.349102
135
   0.944793 -0.00322838    0.327652
   0.293167    0.454956   -0.840873
  -0.146352    0.890508    0.430786
136
  0.930068 -0.0841812   0.357613
  0.351796   0.484631  -0.800858
 -0.105893   0.870659   0.480354
137
 -0.992007  0.0409904   0.119338
  0.118941 -0.0119988   0.992829
 0.0421283   0.999087 0.00702742
138
  -0.565314 -0.00104739   -0.824875
  -0.824817  -0.0111518    0.565289
-0.00979095    0.999937  0.00544039
139
  -0.570074  0.00635316   -0.821568
    -0.8213   0.0223179     0.57006
  0.0219574    0.999731 -0.00750503
140
  -0.975451  -0.0376786    -0.21697
  -0.216913 -0.00564887    0.976175
 -0.0380066    0.999274  -0.0026628
141
 -0.640313  -0.208661   0.739229
  0.767062  -0.123357   0.629602
-0.0401841   0.970177   0.239044
142
 -0.989399 -0.0714522  -0.126428
 -0.117247  -0.120663   0.985745
-0.0856887   0.990119   0.111006
143
 -0.813992  -0.218187   0.538341
  0.578064  -0.213189    0.78765
-0.0570868   0.952336    0.29966
144
-0.00262641   -0.117415     0.99308
   0.998641   0.0513805  0.00871598
 -0.0520483    0.991753     0.11712
145
   0.995423  -0.0123943   0.0947573
  0.0952875    0.204154    -0.97429
-0.00726939     0.97886      0.2044
146
 0.0919266   -0.82447   0.558389
  0.969771 -0.0531684  -0.238156
  0.226041   0.563402   0.794659
147
 0.291486 -0.845639  0.447136
  0.91927  0.118366 -0.375409
 0.264535  0.520465  0.811873
148
-0.683379 -0.515938  0.516527
 0.692913 -0.681189   0.23633
 0.229921  0.519412  0.823011
149
-0.389573 -0.742192   0.54533
 0.894133 -0.446747 0.0307298
 0.220817  0.499568  0.837658
150
  0.782303  -0.106898   0.613657
  0.620379   0.222229   -0.75216
-0.0559677   0.969117   0.240168
151
 0.238966 -0.114818  0.964216
 0.969462 0.0845901 -0.230193
-0.055133  0.989778  0.131525
152
  0.876366 -0.0380281   0.480143
  0.473336   0.252385  -0.843952
-0.0890869   0.966879   0.239182
153
   0.999946   0.0103136 -0.00133356
-0.00329842    0.192924   -0.981208
-0.00986252    0.981159    0.192948
154
  0.354232  -0.307447   0.883174
  0.934486   0.152147  -0.321848
-0.0354211   0.939323   0.341201
155
  0.381045  -0.305927   0.872475
   0.92421   0.151888  -0.350381
-0.0253273   0.939861   0.340616
156
 -0.248757   0.469346  -0.847251
 -0.968565  -0.119747   0.218041
0.00088099   0.874857    0.48438
157
   0.543486   -0.224006    0.808977
   0.839394    0.152357   -0.521733
-0.00638214    0.962605    0.270834
158
  0.998817  0.0151743 -0.0462077
-0.0486056   0.344765   -0.93743
0.00170595   0.938566   0.345095
159
 0.786466 -0.186476  0.588811
 0.614145  0.134929 -0.777573
0.0655513   0.97315  0.220641
160
    0.98198 -0.00706102    0.188854
   0.188602    0.100251   -0.976923
 -0.0120346    0.994937    0.099776
161
  0.986518   0.115356  -0.116085
 -0.133698   0.159013  -0.978182
-0.0943804   0.980514   0.172292
162
 -0.562011 0.00215499   0.827127
   0.69045  -0.549398   0.470574
  0.455436   0.835558    0.30728
163
-0.695904 -0.501342  0.514173
 0.716134  -0.43106  0.548944
-0.053569  0.750229  0.659004
164
 -0.863827   -0.14415   0.482725
  0.503717  -0.263303   0.822764
0.00850174   0.953883   0.300059
165
-0.891111 0.0821226 -0.446293
-0.453436 -0.122581  0.882819
0.0177925  0.989055   0.14647
166
  -0.574152   -0.244957    0.781246
   0.818741   -0.167719     0.54912
-0.00348109    0.954917    0.296853
167
 -0.979925 -0.0810088   0.182166
   0.19834  -0.303539   0.931947
-0.0202013   0.949369   0.313513
168
 -0.995257 -0.0939152  0.0253651
 0.0535371  -0.311077   0.948876
-0.0812234   0.945733   0.314629
169
 0.930922  0.242529 -0.273064
-0.289647 0.0348518 -0.956499
-0.222462  0.969518  0.102692
170
-0.760187  0.390157 -0.519513
-0.389359  0.366542  0.845013
 0.520111  0.844644 -0.126729
171
 -0.412764   0.309053  -0.856804
 -0.909384  -0.192967    0.36849
-0.0514515   0.931263   0.360697
172
-0.447484   -0.1997   0.87171
 0.890211  -0.19248  0.412887
0.0853327  0.960766  0.263907
173
   -0.88821   -0.287283   -0.358542
  -0.344032   -0.101349    0.933472
  -0.304509    0.952469 -0.00881573
174
 -0.908257 -0.0331762   0.417095
  0.412275  -0.241066   0.878588
 0.0713993   0.969941   0.232628
175
-0.906502  0.153589 -0.393274
-0.418786 -0.208851  0.883742
0.0535978  0.965811  0.253644
176
 -0.77547 -0.127694  0.618337
 0.627526  -0.26398  0.732479
0.0696955  0.956038   0.28484
177
 0.607425 0.0502386 -0.792787
-0.784613  0.193937 -0.588872
 0.124166  0.979727   0.15722
178
    0.9454 -0.0534006  -0.321506
 -0.302061    0.22686  -0.925902
  0.122381   0.972462   0.198343
179
  0.988097 -0.0747216   0.134467
  0.147267   0.206791  -0.967238
 0.0444669   0.975528   0.215333
180
  0.988753 -0.0962037   0.114511
  0.133966     0.2293  -0.964093
 0.0664919    0.96859   0.239609
181
 0.341636 -0.313749  0.885916
 0.939454 0.0872537 -0.331381
0.0266709  0.945489  0.324561
182
-0.0333345  -0.306301   0.951351
   0.99944  -0.012997  0.0308349
0.00291995   0.951846   0.306563
183
 0.631673 -0.154658  0.759651
 0.774535 0.0842893 -0.626889
0.0329228  0.984366  0.173031
184
-0.479237 -0.491369 -0.727247
-0.731208 -0.234781  0.640478
-0.485455   0.83871 -0.246777
185
 0.998287 -0.020824 0.0546726
0.0576306  0.189144 -0.980257
0.0100719  0.981729   0.19002
186
   0.137858    -0.16355    0.976855
   0.990438   0.0280898   -0.135071
-0.00534873    0.986135    0.165859
187
 -0.202784 -0.0744508   0.976389
  0.978897  0.0103206   0.204092
-0.0252717   0.997171  0.0707868
188
-0.292385 -0.376486  0.879073
 0.869091 -0.488138 0.0800073
 0.398988  0.787388  0.469925
189
-0.321706 -0.181425  0.929296
 0.944389 -0.132056   0.30115
0.0680828  0.974498  0.213819
190
-0.722034 -0.115412  0.682163
 0.691581 -0.148236  0.706924
0.0195337  0.982195  0.186848
191
 -0.917017 -0.0499748   0.395705
  0.396703  -0.217047   0.891918
 0.0413131   0.974881   0.218861
192
  0.609274 -0.0734516    0.78955
  0.791673   0.113043  -0.600396
-0.0451532   0.990871   0.127024
193
  -0.88305  -0.450682  -0.130798
-0.0817501  -0.126725   0.988563
 -0.462103   0.883644  0.0750616
194
  0.605935 -0.0462813   0.794167
  0.785886   0.189676  -0.588563
 -0.123394   0.980755   0.151303
195
   0.975391   0.0331382   -0.217976
   -0.22035    0.112569   -0.968903
-0.00757028    0.993091    0.117101
196
  0.865819   0.208286  -0.454945
 -0.496482   0.244676   -0.83285
-0.0621566   0.946969   0.315255
197
-0.101359  0.601082 -0.792734
-0.794309 -0.528671 -0.299299
-0.598998  0.599339  0.531031
198
 -0.888946 -0.0681668   0.452911
  0.457152  -0.192603   0.868283
 0.0280437   0.978906   0.202376
199
 -0.902322   0.087028  -0.422186
 -0.427856 -0.0615726   0.901747
 0.0524822   0.994301  0.0927937
200
 -0.969575   0.100642  -0.223151
 -0.231075 -0.0753696   0.970012
 0.0808056   0.992064  0.0963324
201
 -0.98709 0.0897387 -0.132667
-0.148149 -0.196736  0.969199
0.0608743  0.976341   0.20749
202
  -0.92805 -0.0134756   0.372211
   0.36958  -0.157241   0.915798
  0.046186   0.987468   0.150908
203
  -0.449869   -0.323515     0.83244
   0.893051   -0.153767    0.422866
-0.00880173    0.933646     0.35809
204
-0.282071 -0.218911  0.934084
 0.909281   0.24955  0.333066
-0.306013  0.943293  0.128661
205
 -0.349997  -0.296169   0.888699
  0.936196 -0.0779362    0.34273
-0.0322443   0.951951    0.30455
206
  -0.355981   -0.293444    0.887225
   0.934493   -0.111484    0.338074
-0.00029463    0.949453    0.313908
207
  0.460032   0.261214  -0.848609
 -0.884392  0.0498987   -0.46407
-0.0788771    0.96399    0.25397
208
   0.85316     0.1719  -0.492513
  -0.51977   0.200043  -0.830555
-0.0442488    0.96459   0.260017
209
 0.566056 0.0970434  0.818635
  0.70962  0.448034 -0.543788
-0.419547  0.888734  0.184748
210
 -0.102264   0.257105  -0.960957
  -0.99451 -0.0479479  0.0930063
-0.0221635   0.965193   0.260597
211
 -0.984225 -0.0117099  -0.176536
 -0.174697 -0.0935022   0.980173
-0.0279843    0.99555  0.0899815
212
-0.866888  0.158927  -0.47249
-0.496873 -0.198908   0.84472
0.0402664  0.967046  0.251397
213
  0.110208  -0.751015   0.651023
  0.988916   0.148424 0.00381265
 -0.099491   0.643387   0.759048
214
  0.697376   0.125391   0.705651
  0.704251  0.0628629  -0.707163
 -0.133031   0.990114 -0.0444676
215
   0.878584   0.0750225    0.471659
   0.473286 -0.00451776   -0.880897
 -0.0639563    0.997172  -0.0394764
216
 -0.568511  -0.100073   0.816567
   0.82236 -0.0416408   0.567441
-0.0227828   0.994108   0.105969
217
 0.792031 -0.231446 -0.564907
-0.272594  0.693894 -0.666485
 0.546241  0.681868  0.486495
218
 -0.998269  -0.022648 -0.0542763
-0.0482593  -0.212021   0.976073
-0.0336138   0.977003   0.210561
219
 -0.081755 -0.0731434   0.993965
  0.989768    0.11106  0.0895824
 -0.116942   0.991118  0.0633153
220
 0.834871 -0.548988 0.0400214
 0.118106  0.107646 -0.987149
 0.537625  0.828869   0.15471
221
   0.11858  -0.020782   0.992727
  0.992821 -0.0132795  -0.118869
 0.0156533   0.999696  0.0190581
222
 0.895997 0.0601678 -0.439964
-0.443822  0.153719 -0.882832
0.0145128  0.986281  0.164436
223
  0.920139 -0.0895421   0.381217
  0.389705   0.113932  -0.913865
 0.0383968   0.989445   0.139728
224
  0.998973  0.0438375 -0.0114577
-0.0174197    0.13814   -0.99026
-0.0418277   0.989442   0.138761
225
  0.663532 -0.0638455   0.745418
  0.748144  0.0598901  -0.660829
-0.0024522   0.996161  0.0875046
226
  0.780145 -0.0581872   0.622887
  0.624925  0.0262737  -0.780243
 0.0290346    0.99796  0.0568599
227
  -0.953027  -0.0262329    0.301748
   0.302882  -0.0772967    0.949888
-0.00159419    0.996663   0.0816113
228
-0.940091 0.0318161  0.339437
 0.332222 -0.138031  0.933046
0.0765388  0.989917  0.119192
229
 -0.165659  -0.168604  -0.971663
 -0.986132  0.0182693   0.164956
-0.0100606   0.985515  -0.169292
230
  0.999607 -0.0208387 -0.0187603
-0.0217418  -0.153558    -0.9879
 0.0177058    0.98792   -0.15395
231
  0.748413 -0.0549909  -0.660949
 -0.662979 -0.0896104  -0.743256
-0.0183557   0.994458  -0.103523
232
-0.682075 0.0725351  0.727676
   0.6155 -0.480382  0.624814
 0.394883  0.874055  0.283011
233
-0.861472  0.283728  0.421146
 0.300688 -0.383307  0.873306
  0.40921  0.878962  0.244895
234
  0.387487  -0.423616   0.818782
  0.884019 -0.0811608  -0.460351
  0.261465   0.902199   0.343036
235
-0.520622  0.472539 -0.711098
-0.840691 -0.138407  0.523528
 0.148967  0.870374  0.469317
236
 0.347511  0.407545 -0.844478
-0.935028  0.218242  -0.27945
0.0704123  0.886723  0.456908
237
  0.740698  -0.321468   0.589936
  0.530249  -0.259487  -0.807157
  0.412556   0.910673 -0.0217431
238
 -0.896228 -0.0777474   0.436727
  0.420492  -0.462473    0.78058
  0.141286   0.883218   0.447173
239
 0.930434 0.0415562  0.364097
 0.317579  0.404326 -0.857709
-0.182857  0.913671  0.363001
240
  0.694185 -0.0312355   0.719118
  0.701689   0.252045  -0.666413
 -0.160434   0.967211   0.196883
241
  0.753649 -0.0787689    0.65254
  0.640499   0.310899  -0.702213
 -0.147562   0.947173    0.28476
242
 -0.36064  -0.49517  0.790408
 0.852265  0.169332  0.494946
-0.378923  0.852135  0.360948
243
 0.0399627  -0.320965   0.946247
  0.996723 -0.0538465 -0.0603591
 0.0703253   0.945559   0.317762
244
 -0.316793  -0.265177   0.910672
  0.948296 -0.0688724   0.309826
-0.0194388   0.961737   0.273285
245
 0.178129  0.303303 -0.936097
-0.981251  0.125904 -0.145927
0.0735983   0.94454  0.320043
246
-0.313507  0.194114 -0.929534
-0.928295  0.143474   0.34305
 0.199954   0.97043  0.135215
247
 0.426926 0.0572046 -0.902475
 -0.89789  0.145306 -0.415547
 0.107364  0.987732  0.113398
248
  0.978147 0.00614558  -0.207824
 -0.204844   0.199646  -0.958217
 0.0356025   0.979849   0.196542
249
 0.381817 -0.155153  0.911122
 0.924113 0.0478575 -0.379111
0.0152161  0.986731  0.161651
250
  0.983324 -0.0481396   0.175376
  0.181538   0.317407   -0.93075
-0.0108596   0.947067   0.320854
251
  0.991522 -0.0510496   0.119491
   0.12948   0.310923  -0.941574
 0.0109144   0.949063   0.314897
252
  0.918196   0.159694  -0.362511
 -0.395931   0.341216  -0.852531
-0.0124496    0.92632   0.376531
253
 0.0129035   0.383106  -0.923614
 -0.996318 -0.0733669  -0.044351
-0.0847538   0.920786   0.380749
254
-0.126746 -0.245178  0.961157
 0.988125 -0.116051    0.1007
0.0868539  0.962507  0.256976
255
  0.303582  -0.245182   0.920719
  0.947081 -0.0281093   -0.31976
   0.10428   0.969069   0.223674
256
-0.439245  -0.54435  0.714666
  0.87209  -0.06737  0.484686
-0.215691  0.836149  0.504314
257
  0.288485  -0.196485   0.937107
  0.956172 0.00788424  -0.292701
  0.050123   0.980475   0.190148
258
 0.942886 -0.229796  0.241161
 0.307473  0.321836 -0.895479
 0.128163  0.918485  0.374111
259
 -0.226613  -0.268352   0.936287
  0.973827 -0.0797347   0.212846
  0.017537   0.960015   0.279397
260
 -0.313208   -0.20826   0.926568
  0.949584 -0.0544685   0.308746
-0.0138307   0.976556   0.214821
261
  0.939708 -0.0377977   0.339882
  0.341301   0.166122  -0.925158
 -0.021493   0.985381   0.169006
262
 0.929471 -0.171066  0.326833
 0.362311  0.256685 -0.896015
0.0693844  0.951236  0.300561
263
 0.523945 -0.355214  0.774148
 0.848074   0.13319 -0.512865
0.0790674  0.925248  0.371032
264
 0.546052 -0.322479  0.773197
 0.826498 0.0566062 -0.560086
 0.136848  0.944883  0.297438
265
 0.693581  0.070529  0.716918
 0.535306  0.615517 -0.578434
-0.482072  0.784961  0.389156
266
 0.564516 -0.322273  0.759909
 0.819537  0.109095 -0.562546
0.0983912  0.940339  0.325701
267
 0.849993 -0.304483  0.429886
 0.517637  0.331264  -0.78887
0.0977918  0.893059  0.439184
268
-0.410778  -0.29747  0.861843
  0.89904 -0.289354  0.328635
 0.151619  0.909827  0.386298
269
 0.851501 -0.285178  0.440022
 0.507415  0.236578  -0.82859
 0.132196  0.928819   0.34615
270
  -0.677421    0.159438   -0.718109
  -0.728125 -0.00656072    0.685413
    0.10457    0.987186    0.120536
271
 -0.894302   0.152178  -0.420792
 -0.429668 -0.0294731   0.902506
  0.124939   0.987914  0.0917439
272
 -0.988369    0.15068  0.0205307
0.00264268  -0.117967   0.993014
   0.15205   0.981519   0.116197
273
 0.00174382  -0.0623218   -0.998055
   -0.99918   0.0402708 -0.00426042
   0.040458    0.997243  -0.0622004
274
  0.648308  -0.311059  -0.694939
 -0.639832   0.272149  -0.718714
   0.41269   0.910592 -0.0225891
275
 -0.573554  -0.217589   0.789741
  0.813444 -0.0375166   0.580432
-0.0966671   0.975319   0.198514
276
-0.398102  0.295326 -0.868503
-0.834077  0.277593  0.476715
 0.381877   0.91418  0.135815
277
 -0.184873   0.248602  -0.950799
 -0.981416 0.00392232   0.191851
  0.051424   0.968598   0.243257
278
 0.557398  0.132383 -0.819623
-0.703387  0.599768 -0.381477
 0.441083  0.789147  0.427426
279
 0.940503 -0.182608  0.286545
 0.326414   0.25132 -0.911204
0.0943783  0.950522  0.295973
280
  -0.597851 -0.00283117    0.801602
   0.795468   -0.125622    0.592832
  0.0990208    0.992074   0.0773557
281
-0.131566 -0.380031  0.915569
 0.987986 -0.125812  0.089751
0.0810818  0.916377  0.392018
282
  0.370382   -0.05466    0.92727
  0.927993   0.065364  -0.366818
-0.0405597   0.996363  0.0749338
283
  0.166824 -0.0896506   0.981903
  0.985067  0.0581616  -0.162051
 -0.042581   0.994274  0.0980145
284
  0.950371  0.0301568   0.309652
  0.302169   0.147516  -0.941771
-0.0740796     0.9886   0.131083
285
 0.301537 -0.193845  0.933541
 0.953219 0.0395404 -0.299683
0.0211794  0.980235    0.1967
286
 0.900952 -0.134272  0.412622
 0.429713  0.144001  -0.89141
0.0602732  0.980426  0.187436
287
 -0.871576 -0.0949066   0.480986
   0.46347  -0.479376   0.745248
  0.159844   0.872463   0.461799
288
 -0.815059 -0.0866631   0.572859
  0.563331  -0.349633   0.748609
  0.135414    0.93287   0.333792
289
 -0.917151 -0.0872178   0.388878
  0.390247  -0.394544   0.831891
 0.0808741   0.914728   0.395893
290
 0.567325  0.367859 -0.736765
-0.674221  0.721193  -0.15908
 0.472831  0.586993  0.657169
291
 -0.10537  0.215711 -0.970755
-0.992536  0.037463  0.116059
0.0614026  0.975738  0.210153
292
  -0.780257    0.039183    0.624231
   0.624491 -0.00671206    0.781003
  0.0347919     0.99921  -0.0192323
293
 -0.435508 -0.0147854   0.900063
  0.899153 -0.0549971   0.434164
 0.0430815   0.998377   0.037246
294
  0.161877 -0.0259591   0.986469
  0.985719  0.0512749  -0.160405
-0.0464171   0.998347  0.0338886
295
  -0.370614    0.231942    -0.89936
  -0.928764  -0.0993487     0.35711
-0.00652146    0.967643     0.25224
296
  -0.32057   0.286712  -0.902791
 -0.947029 -0.0776289   0.311625
 0.0192638   0.954867    0.29641
297
 -0.946308 -0.0587805   0.317876
  0.322976  -0.213512   0.922008
 0.0136741   0.975171   0.221033
298
  0.984194 -0.0924532  -0.151042
 -0.119763   0.280811  -0.952262
  0.130454     0.9553     0.2653
299
  0.932519 0.00160016  -0.361118
 -0.342417   0.321583    -0.8828
  0.114717    0.94688    0.30043
300
  0.72462 -0.232299  0.648817
 0.687903   0.18722 -0.701241
0.0414256  0.954456  0.295462
301
   0.59925  -0.176546   0.780853
   0.79743   0.217832  -0.562721
-0.0707485   0.959886   0.271318
302
 0.506237 -0.071719  0.859407
  0.80333 -0.323237 -0.500179
 0.313664  0.943597  -0.10602
303
 -0.723744  -0.168461   -0.66919
 -0.688466   0.110229   0.716843
-0.0469955   0.979526  -0.195757
304
  -0.854416    0.163198   -0.493295
  -0.519534   -0.282204    0.806502
-0.00759025    0.945371    0.325907
305
-0.615436 -0.146784  0.774398
  0.73362 -0.465888  0.494722
 0.288166  0.872584  0.394408
306
-0.836398  0.100349 -0.538858
-0.547553 -0.197763  0.813066
-0.024976    0.9751  0.220355
307
-0.989957 0.0514742 -0.131666
-0.139351 -0.198473  0.970149
0.0238056  0.978754  0.203652
308
 0.203079   0.18299 -0.961911
-0.978827  0.063663 -0.194539
0.0256394  0.981051  0.192044
309
-0.336455 -0.174446  0.925401
 0.939749 -0.125407  0.318032
0.0605721  0.976648  0.206129
310
-0.481306 -0.139737  0.865343
 0.874884 -0.137469  0.464414
0.0540625    0.9806  0.188418
311
-0.0254536  -0.340987   0.939723
   0.99944  0.0117341   0.031329
-0.0217096   0.939995   0.340498
312
-0.630923 -0.261677  0.730384
 0.775756 -0.227068  0.588764
0.0117808  0.938065   0.34626
313
 -0.133651    0.43135   -0.89223
 -0.990458 -0.0886911   0.105487
 -0.033631   0.897815   0.439087
314
  -0.800497    0.263447   -0.538331
  -0.599306   -0.360906    0.714548
-0.00604078    0.894619    0.446789
315
  0.243135   0.447088  -0.860812
 -0.965393  0.0252133  -0.259578
-0.0943504   0.894135   0.437746
316
 -0.934403 0.00759127  -0.356137
 -0.344664   -0.27183   0.898507
-0.0899879   0.962315   0.256615
317
 -0.929779 -0.0393966   0.366004
   0.36562  -0.214462    0.90572
 0.0428115   0.975938   0.213806
318
-0.979697 0.0039776 -0.200443
-0.194732  -0.25662  0.946692
-0.047672  0.966504  0.252184
319
 -0.854049  0.0593494  -0.516797
 -0.519719   -0.13977   0.842827
-0.0222114   0.988404   0.150215
320
 0.374701 -0.467881  0.800429
 0.911712 0.0290783 -0.409799
 0.168462  0.883313  0.437468
321
  -0.999504  0.00903875  -0.0301739
 -0.0313495   -0.378584    0.925036
-0.00306219    0.925523    0.378679
322
 -0.516992  -0.299968    0.80171
   0.85599  -0.182472   0.483721
0.00118906   0.936335   0.351106
323
  0.953184   0.139946   -0.26806
 -0.293238   0.211309  -0.932395
-0.0738418   0.967349   0.242454
324
   0.32555   0.219125  -0.919783
 -0.945413  0.0604866  -0.320212
-0.0145319    0.97382   0.226855
325
 -0.118958    0.22369  -0.967374
 -0.992748 -0.0438025    0.11195
-0.0173314   0.973676   0.227278
326
  0.870129   0.131463  -0.474967
 -0.490273   0.132962  -0.861367
-0.0500848   0.982364   0.180147
327
-0.273733  -0.43442  0.858108
 0.957693 -0.205526  0.201452
0.0888489  0.876948  0.472301
328
 0.472526 -0.441257  0.762897
 0.880077  0.190346 -0.435009
0.0467362  0.876961  0.478284
329
 0.845593 -0.325889   0.42281
 0.523433  0.350623 -0.776583
 0.104833  0.877986  0.467065
330
  0.78539   0.26217  -0.56074
-0.609079   0.16576 -0.775594
-0.110389  0.950679  0.289868
331
 0.733885  0.320696 -0.598805
-0.667385  0.176209 -0.723566
 -0.12653  0.930647  0.343345
332
  0.663493    0.59029  -0.459712
 -0.539918 -0.0475976  -0.840371
 -0.517943   0.805787   0.287127
333
  0.984967   0.166984 -0.0442207
-0.0982607    0.33107  -0.938476
 -0.142071   0.928714   0.342501
334
  0.179604   0.240229  -0.953956
 -0.981481  -0.021905  -0.190303
-0.0666128   0.970469   0.231846
335
 0.715308  0.308055 -0.627246
-0.687732  0.151139 -0.710058
-0.123935  0.939287   0.31997
336
 -0.507858  -0.188124   0.840649
  0.861061 -0.0818848   0.501865
-0.0255762   0.978726   0.203572
337
 -0.859356 -0.0720802   0.506273
  0.511027  -0.157738   0.844967
  0.018953   0.984847   0.172388
338
 -0.747688  -0.039192   0.662892
  0.663995  -0.056984   0.745563
0.00855415   0.997606  0.0686295
339
 -0.535138  -0.183512   0.824591
  0.844141 -0.0786826   0.530315
-0.0324384   0.979863   0.197016
340
 -0.960476 0.00688201   0.278279
  0.277739 -0.0432247   0.959684
 0.0186331   0.999042  0.0396049
341
 -0.881183 -0.0748713    0.46681
  0.472561   -0.10973    0.87444
-0.0142473   0.991138   0.132074
342
 -0.812858 -0.0465839   0.580595
   0.58243 -0.0752945   0.809386
0.00601126   0.996073  0.0883356
343
 -0.900293  -0.401523  -0.168084
  -0.18405 0.00121304   0.982916
  -0.39446   0.915848 -0.0749926
344
  -0.622312   -0.110237    0.774968
   0.782738    -0.07876    0.617348
-0.00701806     0.99078      0.1353
345
 -0.639348  -0.140655   0.755943
  0.765757 -0.0274298   0.642545
-0.0696419   0.989679   0.125245
346
  0.70025 0.0278678 -0.713353
-0.712455  0.090762 -0.695823
0.0453544  0.995483 0.0834107
347
  -0.129225    0.088659    0.987644
   0.991553 0.000364466    0.129704
  0.0111395    0.996062  -0.0879572
348
  0.494664 -0.0155333   0.868945
  0.864678   0.109352   -0.49028
 -0.087405   0.993882  0.0675237
349
  0.982352  0.0611643  -0.176758
 -0.178116  0.0174764  -0.983854
-0.0570876   0.997975  0.0280623
350
  0.760345  0.0744794  -0.645235
 -0.648547  0.0327222  -0.760471
-0.0355259   0.996686  0.0731836
351
  0.92943 -0.245859   0.27516
   0.3675  0.549609 -0.750249
0.0332254  0.798425  0.601176
352
 -0.889887   0.121448  -0.439717
 -0.455888  -0.271246   0.847698
-0.0163206   0.954817   0.296745
353
 0.285392 -0.622578  0.728661
  0.87913  0.472831 0.0596679
-0.381682   0.62356   0.68227
354
 -0.56226 -0.793365  0.233316
 0.717615 -0.327882  0.614428
-0.410966  0.512899  0.753686
355
-0.995542 0.0688182 0.0644954
0.0375037  -0.33859  0.940186
0.0865394  0.938414  0.334499
356
-0.749045 -0.156836  0.643688
 0.661437 -0.232533  0.713042
0.0378483   0.95986  0.277915
357
  -0.78482 -0.0801779   0.614516
  0.613243  -0.243506   0.751424
 0.0893908    0.96658   0.240277
358
 0.647536  0.236189 -0.724508
-0.751078 0.0371649 -0.659167
-0.128762  0.970996  0.201462
359
-0.624307  0.773258 -0.110962
 0.747131   0.63252  0.204236
 0.228113 0.0446032 -0.972612
360
-0.00536331    0.275055   -0.961414
  -0.988097    0.146355   0.0473833
    0.15374    0.950224    0.270996
361
 -0.974518 -0.0347261   0.221604
 0.0352366  -0.999378 -0.0016504
  0.221523 0.00620022   0.975135
362
  0.939257  0.0999855  -0.328328
 -0.337654  0.0976794  -0.936188
-0.0615344   0.990183   0.125506
363
 0.604344 -0.252491  0.755656
 0.784078  0.356796 -0.507857
-0.141385  0.899414    0.4136
364
 0.459567 -0.638455  0.617393
 0.884402  0.265238 -0.384033
 0.081432  0.722513  0.686545
365
 0.846799 0.0947774 -0.523401
-0.530002  0.233675 -0.815165
0.0450466  0.967684  0.248108
366
 -0.964685  -0.155178   0.212845
  0.256234  -0.365547   0.894829
-0.0610529   0.917766     0.3924
367
 -0.983514  -0.113685   0.140628
  0.176663  -0.438007   0.881442
-0.0386105   0.891754    0.45087
368
-0.920614 0.0603357 -0.385784
-0.373355  -0.42535  0.824429
-0.114351  0.903016   0.41411
369
  -0.950505 0.000574256    0.310709
   0.291491   -0.344589    0.892352
   0.107579    0.938754    0.327366
370
 -0.993562 -0.0807358  0.0794788
  0.106325  -0.422278   0.900209
 -0.039117   0.902864   0.428144
371
 0.809252  0.142111  0.570014
 0.585607 -0.118095 -0.801947
 -0.04665  0.982781 -0.178789
372
 0.216375 0.0688452   0.97388
 0.762013  0.611688 -0.212544
-0.610343  0.788098  0.079893
373
 0.992942 0.0186878 -0.117119
-0.115063  0.391192 -0.913088
0.0287525  0.920119  0.390581
374
 -0.997994  0.0361675 -0.0519679
 -0.060435  -0.299437     0.9522
 0.0188776    0.95343   0.301022
375
 0.522896 -0.294452  0.799924
 0.852253  0.163353 -0.496972
0.0156647  0.941602  0.336364
376
  0.545928 -0.0379109   0.836974
  0.835761  0.0948474   -0.54084
-0.0588811    0.99477  0.0834643
377
 0.883674 0.0076209  0.468041
 0.459286  0.179028  -0.87006
-0.090423  0.983815  0.154702
378
  0.836431   0.363848  -0.409876
 -0.371162  -0.174214  -0.912079
 -0.403264   0.915021 -0.0106716
379
-0.478312 0.0857065  0.873997
 0.852688 -0.192771  0.485554
 0.210096  0.977494 0.0191238
380
-0.422319   0.39812 -0.814338
-0.780607  0.296925  0.549989
 0.460759  0.867949  0.185378
381
  0.235915   -0.18812   0.953391
   0.97078 0.00127458  -0.239966
 0.0439272   0.982145   0.182924
382
 0.671989 -0.331236  0.662354
 0.739958  0.264251 -0.618573
0.0298654  0.905789  0.422675
383
-0.962527  0.157615 -0.220681
-0.245023 -0.156715  0.956768
 0.116217  0.974986  0.189462
384
 0.795608   0.20327 -0.570692
-0.603637  0.345745 -0.718389
0.0512869  0.916047  0.397778
385
-0.987679 0.0864901  0.130421
 0.112212 -0.189497  0.975448
 0.109081  0.978065  0.177457
386
 -0.668973   0.226743  -0.707858
 -0.736534 -0.0741351   0.672326
 0.0999679   0.971129   0.216598
387
  0.684864  -0.224118   0.693349
  0.725643    0.29642  -0.620949
-0.0663566   0.928389   0.365637
388
 -0.583461  -0.399432   0.707126
  0.772034 -0.0025509   0.635576
 -0.252066   0.916759   0.309864
389
  0.0107632     0.17784      -0.984
  -0.999437   0.0331833 -0.00493481
  0.0317748      0.9835    0.178097
390
 -0.902333   0.133226  -0.409935
 -0.422319 -0.0829089   0.902648
 0.0862686   0.987612   0.131075
391
 -0.391247 -0.0887732   0.915994
  0.911636  -0.173531   0.372568
  0.125879   0.980819   0.148822
392
 0.409344 0.0932862 -0.907599
-0.902562 -0.104139 -0.417776
-0.133489  0.990178 0.0415681
393
 0.190574 -0.191168  0.962879
 0.939638  0.319474 -0.122546
-0.284188  0.928112  0.240512
394
 -0.762049  -0.401876   0.507717
  0.575236 -0.0601607   0.815772
 -0.297295   0.913716   0.277019
395
  -0.202013   0.0144118    0.979277
   0.977306  -0.0621203    0.202521
  0.0637517    0.997965 -0.00153563
396
 0.604141  -0.41655  0.679338
 0.789326  0.195725 -0.581941
 0.109444  0.887794   0.44704
397
  0.818401   -0.29181   0.495043
  0.574286   0.445898  -0.686564
-0.0203924   0.846181   0.532506
398
  0.824229  -0.275688   0.494614
  0.566223   0.391631   -0.72527
0.00624205   0.877851   0.478894
399
  0.960809   0.198983  -0.193008
 -0.272316   0.547215  -0.791454
-0.0518692   0.812995   0.579955
400
 0.399367  0.584369 -0.706413
-0.910216   0.16062 -0.381717
-0.109599  0.795434  0.596048
401
