0
[0.43746939, -0.41807231, 0.79613823;
  0.89746237, 0.14745149, -0.41571543;
  0.056407347, 0.89636689, 0.43970969]
1
[0.54064864, -0.22655694, 0.81016731;
  0.8412413, 0.14959277, -0.51955277;
  -0.0034868917, 0.96244168, 0.2714662]
2
[-0.92456323, -0.16415568, 0.34385431;
  0.38009956, -0.46033445, 0.80225712;
  0.026592933, 0.87243629, 0.48800382]
3
[-0.16735026, 0.29443535, -0.94090474;
  -0.98566747, -0.029352909, 0.16612647;
  0.021295218, 0.95522052, 0.29512757]
4
[-0.48888788, 0.31842437, -0.81215429;
  -0.87161642, -0.21638925, 0.43984145;
  -0.035685215, 0.92292017, 0.38333401]
5
[-0.083427303, 0.23403028, -0.96864325;
  -0.99642932, -0.032252952, 0.078027949;
  -0.012980701, 0.97169417, 0.23588541]
6
[-0.18065724, 0.35106641, -0.9187575;
  -0.98345625, -0.077106744, 0.16391583;
  -0.013297055, 0.93317038, 0.35918835]
7
[-0.28254372, 0.24373029, -0.92777401;
  -0.95907408, -0.090529062, 0.26829344;
  -0.018599274, 0.96560866, 0.25933382]
8
[-0.84666228, 0.22338197, -0.48297355;
  -0.52125722, -0.16561399, 0.83717555;
  0.10702275, 0.96055841, 0.25665858]
9
[-0.26625639, 0.24289066, -0.93279779;
  -0.96328771, -0.10160141, 0.24850346;
  -0.034414396, 0.96471822, 0.26102561]
10
[-0.86112398, 0.20234527, -0.46639243;
  -0.49751103, -0.14658828, 0.85498226;
  0.10463394, 0.96828109, 0.22689968]
11
[-0.98627949, 0.14344607, -0.081706963;
  -0.11291829, -0.22514589, 0.96775967;
  0.12042534, 0.96370769, 0.23825446]
12
[0.93997288, 0.1412836, -0.31062824;
  -0.33487567, 0.20679322, -0.91929042;
  -0.065644853, 0.96812987, 0.24169247]
13
[0.60714751, -0.49289691, 0.62323713;
  0.79443055, 0.39221615, -0.46373114;
  -0.015872004, 0.77667183, 0.62970543]
14
[0.17756581, -0.14824399, -0.97287929;
  -0.96586573, -0.21572106, -0.14341488;
  -0.18861015, 0.96513635, -0.18148848]
15
[0.55216581, -0.55267376, 0.62423128;
  0.83303136, 0.39645573, -0.38585177;
  -0.034229945, 0.73305839, 0.67930388]
16
[0.69134957, -0.37362924, 0.61841494;
  0.72186434, 0.39365259, -0.56916559;
  -0.030783728, 0.83990407, 0.54186118]
17
[-0.71656102, -0.1945048, 0.66985685;
  0.69598848, -0.26306793, 0.66812819;
  0.046263721, 0.94496727, 0.32387733]
18
[-0.95299178, -0.025447201, 0.30192569;
  0.29864624, -0.24713102, 0.92181164;
  0.051157676, 0.9686479, 0.24311353]
19
[-0.56933135, -0.16390745, 0.80560297;
  0.82148951, -0.15143366, 0.549748;
  0.03188761, 0.97478312, 0.22086419]
20
[0.0035744689, -0.3287563, 0.944408;
  0.99907923, 0.041551843, 0.01068315;
  -0.042754047, 0.94350028, 0.32860211]
21
[0.92971355, -0.072008803, 0.36117506;
  0.36274216, 0.34853041, -0.8642596;
  -0.06364619, 0.93452728, 0.35015407]
22
[0.60558528, -0.19856282, 0.77060968;
  0.79577917, 0.14938374, -0.58687305;
  0.0014146136, 0.96863681, 0.24847674]
23
[0.95214707, -0.28386015, 0.11331112;
  0.23249571, 0.43201876, -0.8713814;
  0.19839792, 0.8560276, 0.47734165]
24
[0.10927524, 0.29218698, -0.95009774;
  -0.99329722, 0.068326868, -0.093231015;
  0.037676316, 0.95391732, 0.29769495]
25
[-0.86690789, 0.070139781, 0.49350902;
  0.49211422, -0.037149563, 0.86973763;
  0.079336852, 0.99684519, -0.0023115338]
26
[-0.69168288, 0.035859492, 0.72131056;
  0.71912658, -0.057866696, 0.69246542;
  0.066571318, 0.99768007, 0.014237886]
27
[0.52451956, -0.84429139, 0.10977849;
  0.51863855, 0.21459492, -0.82762498;
  0.67519873, 0.49104083, 0.55044127]
28
[-0.22941285, 0.037012696, -0.9726252;
  -0.97329217, -3.3929662e-06, 0.22957005;
  0.0084937066, 0.99931479, 0.036024947]
29
[-0.1860653, -0.0062797796, -0.9825173;
  -0.98143566, 0.048529822, 0.18555029;
  0.046516176, 0.99880201, -0.015192916]
30
[0.66916257, -0.30800545, 0.6762796;
  0.71892029, 0.49865869, -0.48424491;
  -0.18808264, 0.81022966, 0.5551151]
31
[0.53686166, 0.51288593, -0.66987127;
  -0.82445627, 0.15044905, -0.54556113;
  -0.17902915, 0.84517044, 0.50362235]
32
[0.9260751, 0.26201475, -0.27153853;
  -0.3535226, 0.35084713, -0.86713785;
  -0.13193439, 0.89902979, 0.41753894]
33
[0.055724662, 0.20272759, 0.97764832;
  0.83042336, 0.53422636, -0.15811153;
  -0.55433905, 0.82067275, -0.13858014]
34
[0.96480483, 0.14361738, -0.22028537;
  -0.23842582, 0.12438488, -0.96316224;
  -0.11092667, 0.98178536, 0.15424922]
35
[0.85043257, -0.38527682, 0.35822651;
  0.52130908, 0.52562433, -0.67227668;
  0.070720054, 0.75847268, 0.64785635]
36
[0.99959755, 0.028167304, 0.0033628456;
  0.00019177773, 0.11183355, -0.99372691;
  -0.028366687, 0.99332768, 0.11178315]
37
[0.59952646, -0.17315526, 0.78139955;
  0.7995404, 0.08553879, -0.59448987;
  0.03609908, 0.98117298, 0.1897274]
38
[-0.9998861, -0.014865039, -0.0026115684;
  0.00087959861, -0.23013514, 0.9731583;
  -0.01506705, 0.97304511, 0.23012201]
39
[-0.93337393, -0.10232893, 0.34400851;
  0.35798025, -0.33420768, 0.87186891;
  0.025752878, 0.93692797, 0.34857246]
40
[-0.93321276, -0.1425899, 0.32982123;
  0.34254941, -0.075855091, 0.93643254;
  -0.1085072, 0.98687088, 0.11963303]
41
[-0.61455274, 0.26495501, -0.74305034;
  -0.7866202, -0.13463919, 0.60257864;
  0.059612542, 0.95481473, 0.29116184]
42
[-0.99510902, 0.034160316, 0.092688136;
  0.076848932, -0.32183692, 0.94367117;
  0.062066566, 0.94617867, 0.31763762]
43
[-0.61769646, -0.1592333, 0.77012718;
  0.73021549, -0.47968739, 0.48650318;
  0.29195279, 0.86287004, 0.41257584]
44
[-0.93564761, 0.21792983, 0.27761507;
  0.15085655, -0.46416655, 0.87280679;
  0.31907025, 0.85851967, 0.40142021]
45
[-0.64267319, -0.11807235, 0.75698751;
  0.69112223, -0.51575315, 0.50630897;
  0.3306376, 0.84856206, 0.41306317]
46
[-0.92066443, 0.38943675, -0.026759705;
  -0.19361185, -0.3960394, 0.89758968;
  0.33895651, 0.83155984, 0.44001895]
47
[-0.91745573, 0.38057631, -0.11591662;
  -0.24895762, -0.32194543, 0.91343921;
  0.31031451, 0.86689842, 0.39011803]
48
[-0.6369949, 0.20981108, 0.74176598;
  0.74456376, -0.081764825, 0.66252494;
  0.19965544, 0.97431713, -0.10413395]
49
[-0.70772338, 0.50055653, -0.49856874;
  -0.63446903, -0.13989422, 0.76018327;
  0.31076783, 0.85432589, 0.41659403]
50
[-0.99559677, 0.093701847, -0.0026515699;
  -0.014583426, -0.12688498, 0.9918102;
  0.092597999, 0.98748171, 0.12769277]
51
[-0.99329686, 0.10991966, 0.035763402;
  0.011106069, -0.2172101, 0.9760617;
  0.11505654, 0.96991622, 0.21453334]
52
[0.51350015, -0.15312767, 0.84431601;
  0.84505695, 0.26107985, -0.46660057;
  -0.14898443, 0.95309454, 0.26346615]
53
[0.79304463, -0.037019007, 0.60803765;
  0.59210771, 0.28138533, -0.75513619;
  -0.1431385, 0.95888054, 0.24507038]
54
[0.52042413, -0.10848143, 0.8469891;
  0.82625872, 0.31433925, -0.4674263;
  -0.21553484, 0.94309205, 0.25322345]
55
[0.71166444, 0.24515808, -0.65835494;
  -0.69674271, 0.12637466, -0.7061013;
  -0.089907058, 0.9612112, 0.26074848]
56
[0.52936804, 0.14730622, -0.83550602;
  -0.84723181, 0.040296171, -0.52969283;
  -0.044359356, 0.98826975, 0.14613402]
57
[-0.77360821, 0.15379584, 0.61471713;
  0.42675188, -0.59066302, 0.68483579;
  0.46841556, 0.7921263, 0.39130911]
58
[0.16206816, -0.6675843, 0.72668087;
  0.98677701, 0.10795859, -0.12089719;
  0.0022576302, 0.73666555, 0.6762535]
59
[0.67809701, 0.70990294, 0.19032149;
  0.57111174, -0.34595087, -0.74441206;
  -0.46261844, 0.61347842, -0.64002216]
60
[-0.30850554, -0.56609607, 0.76443416;
  0.90432495, 0.074675053, 0.42026183;
  -0.29499272, 0.82094997, 0.48889711]
61
[-0.80756402, -0.42558411, 0.40831184;
  0.51836139, -0.18194199, 0.83558279;
  -0.28132167, 0.88643968, 0.36753616]
62
[-0.78803426, -0.4579131, 0.41148216;
  0.55766404, -0.2478146, 0.79221129;
  -0.26079267, 0.85375845, 0.45064807]
63
[-0.38602206, -0.47585464, 0.79028434;
  0.90256631, -0.017740391, 0.43018523;
  -0.19068569, 0.879345, 0.43633854]
64
[-0.94188553, -0.31659552, 0.11233419;
  0.19470547, -0.24198622, 0.95054322;
  -0.27375439, 0.91717499, 0.28956619]
65
[-0.9305436, 0.15048313, 0.3338314;
  0.32458887, -0.083021782, 0.94220459;
  0.16950119, 0.98512042, 0.028410243]
66
[-0.48430401, -0.027550487, 0.87446588;
  0.87454957, -0.04352235, 0.48297918;
  0.0247525, 0.99867249, 0.045172315]
67
[-0.3088395, -0.16047621, 0.9374783;
  0.95065665, -0.082652241, 0.29903263;
  0.029497059, 0.98357308, 0.17808406]
68
[-0.87252557, -0.34572974, 0.34521019;
  0.47946683, -0.47018102, 0.74097323;
  -0.093865208, 0.81203496, 0.57601094]
69
[0.92988831, -0.042161372, 0.36541781;
  0.36749345, 0.14971897, -0.91789585;
  -0.016010227, 0.98782927, 0.15471594]
70
[-0.6949048, 0.33318201, -0.63725746;
  -0.70741189, -0.15759753, 0.68900758;
  0.12913473, 0.92959815, 0.34521216]
71
[-0.015729589, -0.11548321, 0.99318486;
  0.99985415, -0.0084284637, 0.014855188;
  0.0066554979, 0.99327368, 0.11559894]
72
[-0.15605742, -0.011361193, 0.98768264;
  0.98763096, 0.01359839, 0.15620567;
  -0.015205577, 0.999843, 0.0090985354]
73
[-0.76512176, 0.28375319, -0.57799035;
  -0.64087641, -0.24892011, 0.72616541;
  0.062178336, 0.92602533, 0.37230492]
74
[0.25154665, -0.12642746, -0.95955217;
  -0.93944067, 0.20653388, -0.27348664;
  0.23275626, 0.97023702, -0.066818193]
75
[-0.98051095, 0.098274648, -0.17011884;
  -0.19032575, -0.26037627, 0.94656235;
  0.048728168, 0.96049273, 0.27400598]
76
[-0.81885749, 0.20252798, -0.53707987;
  -0.57202929, -0.21052673, 0.79275531;
  0.047485463, 0.95637906, 0.28824332]
77
[0.54759806, 0.12102713, -0.82794249;
  -0.80082595, 0.36259171, -0.47666031;
  0.24251626, 0.92405611, 0.2954762]
78
[-0.55452073, -0.43415883, 0.70993865;
  0.80718881, -0.48808166, 0.33199772;
  0.20236827, 0.75715417, 0.62109953]
79
[0.091182478, -0.19185035, 0.97717923;
  0.99480879, 0.062067982, -0.080641672;
  -0.04518041, 0.97945952, 0.19651392]
80
[-0.045973103, -0.192789, 0.98016268;
  0.99853909, 0.019020705, 0.050576217;
  -0.028393922, 0.98105586, 0.19163291]
81
[0.53169137, -0.32078323, 0.78383827;
  0.84424633, 0.12701151, -0.52068824;
  0.067471564, 0.93859798, 0.33835098]
82
[0.95392829, 0.060912877, -0.29378641;
  -0.29445127, 0.37808487, -0.87769598;
  0.057613213, 0.92376482, 0.37860173]
83
[0.75778967, -0.18304341, 0.62629855;
  0.6514107, 0.15681534, -0.74234295;
  0.037667759, 0.9705174, 0.23806947]
84
[0.89514768, -0.27554169, 0.35041037;
  0.44190419, 0.44521856, -0.77878183;
  0.058577664, 0.85197252, 0.52029938]
85
[0.10713932, 0.45116735, -0.8859849;
  -0.99382806, 0.022824125, -0.10855779;
  -0.0287559, 0.89214748, 0.45082814]
86
[0.6534152, 0.41487488, -0.63318831;
  -0.75696182, 0.34971946, -0.55200094;
  -0.0075730723, 0.83998519, 0.54255646]
87
[-0.52222157, -0.19696678, 0.82975221;
  0.84950686, -0.034596827, 0.52644199;
  -0.074984789, 0.97979957, 0.18539184]
88
[0.22430271, -0.051853999, 0.97313899;
  0.96863347, 0.12145013, -0.2167927;
  -0.10694629, 0.99124217, 0.07746911]
89
[-0.98081845, -0.18268977, -0.06796775;
  0.0015203095, -0.35584855, 0.93454242;
  -0.19491756, 0.91651309, 0.34930059]
90
[0.067411564, -0.26363355, 0.96226454;
  0.98026007, 0.19716875, -0.01465352;
  -0.18586533, 0.94425732, 0.27172092]
91
[-0.56347185, -0.31788644, 0.76252717;
  0.81578714, -0.068468072, 0.57428515;
  -0.13034871, 0.94565338, 0.2979075]
92
[-0.029881634, -0.2811248, 0.95920587;
  0.99549019, 0.078069791, 0.053892732;
  -0.090035588, 0.95649046, 0.27752411]
93
[0.53997386, 0.022244278, -0.84138781;
  -0.83422554, 0.14691007, -0.53149337;
  0.11178566, 0.98889971, 0.097884342]
94
[-0.064379662, 0.053811498, 0.99647355;
  0.96460426, -0.2525253, 0.075957522;
  0.25572217, 0.96609282, -0.035649311]
95
[-0.98823529, -0.14834826, 0.037198644;
  0.084191658, -0.32461914, 0.94209033;
  -0.12768207, 0.93413877, 0.3332898]
96
[0.36020488, -0.30195892, 0.88265127;
  0.91753411, 0.28555122, -0.27675202;
  -0.16847441, 0.90955007, 0.37991455]
97
[0.28202009, -0.25624311, 0.9245562;
  0.95190185, 0.1950472, -0.23630361;
  -0.11978092, 0.94672912, 0.29892552]
98
[-0.037584499, 0.064708434, -0.9971962;
  -0.9992671, 0.004812967, 0.037974864;
  0.0072567663, 0.99789262, 0.064480111]
99
[0.85169578, 0.22237091, -0.47451603;
  -0.50527757, 0.58858091, -0.63108408;
  0.13895635, 0.77725393, 0.61365092]
100
[0.27947932, 0.27373517, -0.92030448;
  -0.96009582, 0.069333889, -0.27094057;
  -0.010357668, 0.95930278, 0.28218937]
101
[-0.10126442, 0.25008199, -0.96291459;
  -0.9902209, -0.11869421, 0.073309578;
  -0.095958978, 0.96092176, 0.25965589]
102
[-0.87535501, 0.14635029, -0.46079841;
  -0.43668395, 0.16974159, 0.88345623;
  0.20751074, 0.9745611, -0.084675319]
103
[-0.97038794, 0.2174838, -0.10510951;
  -0.1552119, -0.22798498, 0.96121389;
  0.18508506, 0.94906461, 0.25498995]
104
[0.61063254, -0.20113702, -0.76594508;
  -0.78614634, -0.27048576, -0.55570805;
  -0.095403776, 0.94147825, -0.32329053]
105
[-0.98791885, 0.13179143, 0.081531376;
  0.040444035, -0.28861332, 0.95659113;
  0.14960156, 0.94833189, 0.27979636]
106
[-0.84753269, 0.23165742, -0.47751772;
  -0.52271122, -0.20839708, 0.82664603;
  0.091985382, 0.95021337, 0.29771325]
107
[-0.36469275, 0.28281018, -0.8871401;
  -0.9214384, 0.027476931, 0.3875517;
  0.13397945, 0.95878226, 0.25057152]
108
[-0.93893284, 0.26362884, -0.2211448;
  -0.284518, -0.23333475, 0.92984104;
  0.19353215, 0.93597794, 0.2940928]
109
[0.5621255, -0.33279964, 0.75713891;
  0.82453954, 0.15420572, -0.54438508;
  0.064415999, 0.93030369, 0.36108944]
110
[0.034475196, -0.42959818, 0.90236181;
  0.9589228, -0.24015623, -0.15097019;
  0.28156433, 0.87050009, 0.40367207]
111
[0.69711113, -0.44197282, 0.56453174;
  0.71488029, 0.36851257, -0.59425974;
  0.054609623, 0.81783772, 0.5728519]
112
[0.56141579, -0.46409589, 0.68514764;
  0.82566392, 0.25851306, -0.50144804;
  0.055600349, 0.84722251, 0.52832055]
113
[0.65142936, -0.40742072, 0.6400376;
  0.56339097, -0.30525449, -0.76773059;
  0.50816369, 0.86071366, 0.030685423]
114
[-0.22255905, 0.3621431, -0.90516287;
  -0.97307146, -0.025379904, 0.22910208;
  0.059994787, 0.93177694, 0.35803965]
115
[-0.23000194, 0.44217706, -0.86693633;
  -0.97115916, -0.046763204, 0.23380135;
  0.062840872, 0.89570791, 0.44017994]
116
[-0.87810898, -0.29543543, 0.37635434;
  0.4567717, -0.2834833, 0.84320629;
  -0.14242284, 0.91233498, 0.38387576]
117
[0.92035967, 0.093952894, -0.37961948;
  -0.39029035, 0.15928569, -0.90680844;
  -0.024729325, 0.98275173, 0.18326904]
118
[0.886509, 0.12834784, -0.44455445;
  -0.45934597, 0.12844807, -0.87892115;
  -0.055705477, 0.98337579, 0.17282644]
119
[0.93090576, 0.1647059, 0.32601598;
  0.1996882, 0.5178743, -0.83182383;
  -0.30584157, 0.83945113, 0.44920233]
120
[0.13593908, -0.3016108, 0.94369036;
  0.98955446, -0.0047988337, -0.14407957;
  0.04798457, 0.95341903, 0.29780796]
121
[-0.32482421, -0.27747253, 0.90415609;
  0.94520158, -0.12850702, 0.30013314;
  0.032911703, 0.95210028, 0.30400965]
122
[-0.34773248, -0.61464483, 0.7080211;
  0.93438548, -0.1647608, 0.31587595;
  -0.077497393, 0.77140498, 0.63160789]
123
[0.26484722, 0.15205157, -0.952227;
  -0.86860675, -0.39123937, -0.30406263;
  -0.41878191, 0.90764093, 0.028454358]
124
[0.82763356, -0.52995306, 0.18485774;
  0.0958336, -0.19109097, -0.97688287;
  0.55302674, 0.82621664, -0.107366]
125
[-0.18777139, -0.65679884, 0.73031306;
  0.97672623, -0.046380378, 0.20941523;
  -0.10367148, 0.7526381, 0.65022159]
126
[-0.14375421, -0.21628247, 0.96568972;
  0.98850322, -0.077592678, 0.12977208;
  0.046863019, 0.97324264, 0.22495019]
127
[-0.95586634, 0.20923148, -0.20625639;
  -0.23094817, -0.10114335, 0.96769464;
  0.18161073, 0.97262132, 0.14500116]
128
[0.066707961, -0.13412662, 0.98871636;
  0.99748975, -0.01462496, -0.06928388;
  0.023752749, 0.99085629, 0.13281432]
129
[-0.36640665, -0.18735519, 0.91139686;
  0.92951596, -0.029712874, 0.36758298;
  -0.041788362, 0.98184276, 0.18503663]
130
[0.53300875, -0.065263316, 0.84358901;
  0.84597754, 0.023483092, -0.53270113;
  0.014955765, 0.99759173, 0.06772799]
131
[0.42539245, -0.77520782, 0.46700543;
  0.86367404, 0.19356795, -0.4654015;
  0.27038559, 0.60131878, 0.75186926]
132
[-0.89983511, 0.11578145, 0.42058462;
  0.3848986, -0.24302806, 0.89038777;
  0.20530425, 0.96308464, 0.17412105]
133
[0.80975431, 0.12313211, -0.57370418;
  -0.58676738, 0.16755737, -0.79223013;
  -0.0014206052, 0.97814262, 0.20793021]
134
[0.65625817, 0.24945073, -0.71210921;
  -0.75419426, 0.24528083, -0.60912097;
  0.022721075, 0.9368093, 0.34910187]
135
[0.94479328, -0.0032286644, 0.32765114;
  0.29316661, 0.45495749, -0.84087276;
  -0.14635246, 0.89050728, 0.43078732]
136
[0.93006772, -0.084181055, 0.35761377;
  0.35179642, 0.48462942, -0.80085802;
  -0.10589308, 0.87065947, 0.48035276]
137
[-0.99200714, 0.040990274, 0.11933818;
  0.11894123, -0.011998729, 0.99282879;
  0.042128231, 0.99908751, 0.0070273909]
138
[-0.56531441, -0.0010473666, -0.82487488;
  -0.82481742, -0.011151888, 0.5652892;
  -0.0097909775, 0.9999373, 0.0054404363]
139
[-0.57007444, 0.0063532465, -0.82156849;
  -0.82129955, 0.022317866, 0.57006043;
  0.02195739, 0.99973077, -0.007504927]
140
[-0.97545081, -0.037678808, -0.21697016;
  -0.21691296, -0.0056488658, 0.97617459;
  -0.03800673, 0.99927396, -0.0026628303]
141
[-0.64031315, -0.2086613, 0.73922902;
  0.76706213, -0.12335756, 0.6296019;
  -0.040184069, 0.97017699, 0.23904365]
142
[-0.98939914, -0.071452253, -0.12642756;
  -0.11724668, -0.12066255, 0.98574531;
  -0.085688792, 0.99011874, 0.11100588]
143
[-0.8139922, -0.21818724, 0.53834099;
  0.57806379, -0.21318893, 0.78765011;
  -0.057086874, 0.95233649, 0.29966027]
144
[-0.0026264908, -0.11741441, 0.99307954;
  0.99864113, 0.051380441, 0.0087160449;
  -0.052048255, 0.99175292, 0.1171199]
145
[0.99542326, -0.012394283, 0.094757259;
  0.095287524, 0.20415342, -0.97429031;
  -0.007269389, 0.97886044, 0.20440008]
146
[0.091926612, -0.82447016, 0.55838919;
  0.96977061, -0.053168453, -0.23815565;
  0.22604091, 0.56340224, 0.79465932]
147
[0.29148588, -0.84563911, 0.4471359;
  0.91926998, 0.11836645, -0.37540919;
  0.2645348, 0.52046508, 0.81187278]
148
[-0.68337935, -0.51593828, 0.51652718;
  0.69291341, -0.6811893, 0.23633048;
  0.22992088, 0.51941198, 0.82301128]
149
[-0.38957238, -0.74219209, 0.54532951;
  0.89413273, -0.44674635, 0.03072973;
  0.22081661, 0.49956846, 0.83765829]
150
[0.78230309, -0.10689861, 0.6136567;
  0.62037849, 0.22222976, -0.75215983;
  -0.055967949, 0.96911639, 0.24016863]
151
[0.23896517, -0.1148171, 0.96421611;
  0.96946174, 0.084589511, -0.23019244;
  -0.055132538, 0.98977858, 0.13152473]
152
[0.87636578, -0.038028102, 0.48014256;
  0.47333553, 0.25238499, -0.84395218;
  -0.089086868, 0.96687937, 0.23918162]
153
[0.99994594, 0.01031361, -0.0013335583;
  -0.0032984177, 0.19292381, -0.98120821;
  -0.0098625235, 0.98115951, 0.19294739]
154
[0.35423228, -0.30744734, 0.88317364;
  0.93448639, 0.15214741, -0.3218483;
  -0.035421174, 0.93932277, 0.34120086]
155
[0.38104495, -0.30592671, 0.87247556;
  0.92420954, 0.15188751, -0.35038108;
  -0.025327196, 0.93986118, 0.34061638]
156
[-0.24875727, 0.46934628, -0.84725076;
  -0.96856546, -0.11974676, 0.21804053;
  0.00088097481, 0.87485701, 0.48438045]
157
[0.54348576, -0.22400613, 0.80897743;
  0.83939409, 0.15235694, -0.52173257;
  -0.0063820258, 0.96260512, 0.27083325]
158
[0.99881661, 0.015174317, -0.046207722;
  -0.048605587, 0.34476504, -0.93742979;
  0.0017059495, 0.93856639, 0.34509459]
159
[0.786466, -0.18647635, 0.5888105;
  0.61414516, 0.13492918, -0.77757305;
  0.065551266, 0.9731499, 0.22064076]
160
[0.98197985, -0.0070609893, 0.18885362;
  0.188602, 0.10025044, -0.97692329;
  -0.012034614, 0.99493718, 0.099775627]
161
[0.98651773, 0.11535631, -0.11608505;
  -0.13369796, 0.15901251, -0.9781819;
  -0.094380483, 0.98051411, 0.17229156]
162
[-0.56201071, 0.002154849, 0.82712716;
  0.69045055, -0.54939806, 0.4705739;
  0.45543605, 0.835558, 0.30727977]
163
[-0.69590414, -0.5013417, 0.51417309;
  0.71613395, -0.43105999, 0.548944;
  -0.053569075, 0.75022918, 0.65900421]
164
[-0.86382705, -0.14414981, 0.4827252;
  0.50371671, -0.26330301, 0.82276428;
  0.0085016992, 0.95388275, 0.30005893]
165
[-0.89111102, 0.082122587, -0.44629258;
  -0.45343646, -0.12258066, 0.882819;
  0.017792538, 0.98905504, 0.14647035]
166
[-0.57415199, -0.2449574, 0.78124607;
  0.81874132, -0.16771919, 0.54912013;
  -0.0034810838, 0.95491683, 0.29685307]
167
[-0.97992498, -0.081008866, 0.18216649;
  0.19834054, -0.30353871, 0.93194705;
  -0.020201389, 0.94936919, 0.3135125]
168
[-0.99525702, -0.093915269, 0.025365109;
  0.053537104, -0.31107661, 0.94887573;
  -0.081223421, 0.94573319, 0.31462911]
169
[0.93092167, 0.24252941, -0.27306467;
  -0.28964671, 0.034850903, -0.95649892;
  -0.22246256, 0.96951789, 0.10269131]
170
[-0.76018679, 0.39015725, -0.51951259;
  -0.38935894, 0.3665424, 0.84501261;
  0.5201112, 0.84464431, -0.12672947]
171
[-0.41276363, 0.30905277, -0.85680372;
  -0.90938383, -0.19296642, 0.36849019;
  -0.051451426, 0.93126279, 0.36069709]
172
[-0.44748458, -0.19969971, 0.87170959;
  0.89021111, -0.19247973, 0.41288707;
  0.08533299, 0.96076614, 0.2639066]
173
[-0.88820958, -0.28728327, -0.35854158;
  -0.34403226, -0.10134885, 0.93347216;
  -0.30450872, 0.95246875, -0.0088156937]
174
[-0.90825719, -0.033176363, 0.41709498;
  0.41227546, -0.24106613, 0.87858754;
  0.07139913, 0.9699415, 0.23262784]
175
[-0.90650189, 0.15358935, -0.39327425;
  -0.41878584, -0.20885047, 0.88374197;
  0.053597845, 0.96581149, 0.25364441]
176
[-0.77546972, -0.12769434, 0.61833715;
  0.62752628, -0.26398021, 0.7324788;
  0.069695383, 0.956038, 0.28484023]
177
[0.60742486, 0.050238572, -0.7927869;
  -0.78461307, 0.19393678, -0.58887249;
  0.12416643, 0.97972679, 0.15721987]
178
[0.94540042, -0.053400643, -0.32150647;
  -0.30206129, 0.22685961, -0.92590153;
  0.12238057, 0.97246236, 0.19834292]
179
[0.98809677, -0.074721575, 0.13446747;
  0.14726679, 0.20679094, -0.96723837;
  0.044466916, 0.97552764, 0.21533346]
180
[0.98875278, -0.0962037, 0.11451123;
  0.13396566, 0.2292995, -0.96409279;
  0.066491932, 0.96859002, 0.2396085]
181
[0.341636, -0.3137486, 0.8859157;
  0.93945384, 0.087253578, -0.3313809;
  0.026670979, 0.94548857, 0.32456127]
182
[-0.033334326, -0.30630139, 0.95135075;
  0.99944001, -0.012996828, 0.030834803;
  0.0029197999, 0.95184588, 0.30656311]
183
[0.63167328, -0.15465777, 0.75965112;
  0.7745353, 0.08428932, -0.62688947;
  0.032922838, 0.98436594, 0.17303121]
184
[-0.47923681, -0.49136907, -0.72724724;
  -0.73120821, -0.2347811, 0.64047825;
  -0.48545513, 0.83870989, -0.24677734]
185
[0.99828714, -0.020823998, 0.054672614;
  0.057630643, 0.18914367, -0.9802568;
  0.010071886, 0.98172861, 0.1900198]
186
[0.13785797, -0.16355067, 0.97685534;
  0.99043757, 0.028090224, -0.13507172;
  -0.0053490135, 0.98613495, 0.16585919]
187
[-0.20278406, -0.074450754, 0.97638911;
  0.97889733, 0.010320539, 0.20409194;
  -0.025271662, 0.99717128, 0.070786804]
188
[-0.29238534, -0.37648574, 0.87907296;
  0.86909121, -0.48813853, 0.080007404;
  0.39898777, 0.78738761, 0.46992499]
189
[-0.32170597, -0.18142468, 0.9292956;
  0.94438869, -0.13205585, 0.3011499;
  0.068082891, 0.97449797, 0.21381857]
190
[-0.72203434, -0.11541208, 0.68216306;
  0.69158143, -0.14823614, 0.70692378;
  0.019533684, 0.98219454, 0.18684843]
191
[-0.9170168, -0.049974691, 0.3957054;
  0.39670324, -0.21704659, 0.89191777;
  0.041313194, 0.97488117, 0.21886049]
192
[0.60927433, -0.07345169, 0.78955024;
  0.79167289, 0.11304328, -0.60039592;
  -0.045153257, 0.99087137, 0.12702408]
193
[-0.8830502, -0.45068195, -0.13079816;
  -0.08175008, -0.12672541, 0.98856342;
  -0.46210313, 0.88364387, 0.075061612]
194
[0.60593492, -0.046281096, 0.7941668;
  0.78588593, 0.18967509, -0.5885632;
  -0.12339432, 0.98075551, 0.15130243]
195
[0.97539139, 0.033138249, -0.21797581;
  -0.22035038, 0.11256998, -0.96890336;
  -0.0075702271, 0.99309105, 0.11710182]
196
[0.86581904, 0.2082856, -0.45494452;
  -0.4964816, 0.24467622, -0.83285028;
  -0.06215661, 0.94696921, 0.31525528]
197
[-0.10135877, 0.60108215, -0.79273367;
  -0.79430932, -0.52867085, -0.29929897;
  -0.59899843, 0.59933919, 0.53103054]
198
[-0.88894612, -0.068166897, 0.45291072;
  0.45715252, -0.19260266, 0.86828327;
  0.028043635, 0.97890627, 0.20237605]
199
[-0.90232199, 0.087028012, -0.42218614;
  -0.42785582, -0.061572462, 0.90174729;
  0.05248224, 0.99430126, 0.092793629]
200
[-0.96957457, 0.10064255, -0.2231507;
  -0.23107485, -0.075369529, 0.97001231;
  0.080805749, 0.99206376, 0.096332341]
201
[-0.98708981, 0.089738816, -0.1326675;
  -0.14814867, -0.19673547, 0.96919924;
  0.060874388, 0.97634119, 0.20749027]
202
[-0.92805022, -0.013475429, 0.37221125;
  0.36958036, -0.15724106, 0.91579777;
  0.046186123, 0.9874683, 0.15090784]
203
[-0.44986904, -0.32351476, 0.83243984;
  0.89305115, -0.15376678, 0.42286572;
  -0.0088017071, 0.93364555, 0.35809013]
204
[-0.28207138, -0.21891138, 0.93408436;
  0.90928102, 0.2495501, 0.33306575;
  -0.30601272, 0.94329345, 0.12866102]
205
[-0.34999749, -0.29616904, 0.88869888;
  0.93619555, -0.07793621, 0.34273005;
  -0.032244202, 0.95195055, 0.3045496]
206
[-0.35598129, -0.2934444, 0.88722473;
  0.93449306, -0.11148394, 0.33807409;
  -0.00029463446, 0.94945335, 0.31390792]
207
[0.4600324, 0.26121372, -0.84860921;
  -0.88439167, 0.049898934, -0.46407053;
  -0.078876898, 0.96399039, 0.25397035]
208
[0.85315961, 0.17190009, -0.492513;
  -0.51976991, 0.20004264, -0.83055538;
  -0.044248942, 0.96458972, 0.2600168]
209
[0.56605589, 0.097043723, 0.81863499;
  0.70962036, 0.44803345, -0.54378766;
  -0.41954702, 0.88873422, 0.18474777]
210
[-0.10226438, 0.25710496, -0.96095735;
  -0.99451029, -0.047948144, 0.093006492;
  -0.022163691, 0.96519327, 0.26059693]
211
[-0.98422456, -0.011710024, -0.17653598;
  -0.17469674, -0.093502201, 0.98017263;
  -0.027984347, 0.99555022, 0.089981459]
212
[-0.86688828, 0.15892662, -0.47249022;
  -0.49687353, -0.19890806, 0.84472024;
  0.040266424, 0.96704596, 0.25139749]
213
[0.11020886, -0.75101477, 0.65102291;
  0.98891634, 0.14842492, 0.0038124016;
  -0.099491201, 0.64338708, 0.75904846]
214
[0.69737625, 0.12539147, 0.70565099;
  0.70425075, 0.062862158, -0.7071628;
  -0.13303094, 0.99011379, -0.044468466]
215
[0.87858379, 0.075022712, 0.47165895;
  0.47328657, -0.0045182817, -0.88089693;
  -0.063956186, 0.99717158, -0.039476931]
216
[-0.56851059, -0.10007252, 0.81656671;
  0.82236046, -0.041640844, 0.56744105;
  -0.022782728, 0.99410844, 0.10596894]
217
[0.79203117, -0.23144569, -0.56490666;
  -0.2725943, 0.69389445, -0.66648543;
  0.54624075, 0.6818676, 0.48649526]
218
[-0.99826908, -0.022647956, -0.054276284;
  -0.048259303, -0.21202086, 0.97607285;
  -0.03361376, 0.97700268, 0.21056089]
219
[-0.081754968, -0.073143408, 0.99396485;
  0.98976797, 0.11105997, 0.089582391;
  -0.11694208, 0.99111843, 0.063315295]
220
[0.83487147, -0.54898804, 0.040021412;
  0.11810642, 0.10764641, -0.987149;
  0.53762484, 0.82886934, 0.15470994]
221
[0.11858003, -0.020782115, 0.99272698;
  0.9928211, -0.01327944, -0.11886927;
  0.015653213, 0.99969584, 0.019058246]
222
[0.89599735, 0.060167801, -0.43996429;
  -0.44382218, 0.15371899, -0.88283199;
  0.014512812, 0.98628104, 0.16443561]
223
[0.92013919, -0.089542113, 0.38121662;
  0.3897045, 0.1139317, -0.91386539;
  0.038396776, 0.98944521, 0.13972798]
224
[0.99897295, 0.043837454, -0.011457725;
  -0.017419711, 0.13813984, -0.99025953;
  -0.041827686, 0.98944211, 0.13876161]
225
[0.66353238, -0.063845463, 0.74541837;
  0.74814355, 0.059889872, -0.66082859;
  -0.0024521062, 0.9961611, 0.087504439]
226
[0.78014493, -0.058187228, 0.62288696;
  0.62492472, 0.026273591, -0.7802428;
  0.029034687, 0.99795991, 0.056859847]
227
[-0.95302677, -0.026232945, 0.30174801;
  0.30288196, -0.077296764, 0.94988829;
  -0.0015942205, 0.99666297, 0.081611373]
228
[-0.9400906, 0.031816378, 0.33943689;
  0.33222201, -0.1380312, 0.93304658;
  0.07653904, 0.98991674, 0.11919173]
229
[-0.16565911, -0.16860405, -0.97166336;
  -0.98613173, 0.018269144, 0.16495575;
  -0.010060748, 0.98551452, -0.16929226]
230
[0.99960685, -0.0208387, -0.01876031;
  -0.021741815, -0.15355785, -0.98790044;
  0.017705768, 0.98791993, -0.15395054]
231
[0.74841315, -0.054990571, -0.66094917;
  -0.66297877, -0.089609697, -0.74325585;
  -0.01835539, 0.99445772, -0.10352266]
232
[-0.68207526, 0.072535262, 0.72767574;
  0.61550015, -0.48038206, 0.62481409;
  0.39488342, 0.87405473, 0.28301126]
233
[-0.86147213, 0.28372839, 0.42114601;
  0.30068767, -0.3833071, 0.87330556;
  0.40920982, 0.8789618, 0.24489476]
234
[0.3874869, -0.42361578, 0.81878179;
  0.88401926, -0.081160776, -0.46035081;
  0.26146483, 0.90219873, 0.34303576]
235
[-0.52062154, 0.47253859, -0.71109807;
  -0.84069151, -0.13840654, 0.52352792;
  0.14896651, 0.87037402, 0.4693166]
236
[0.34751114, 0.40754494, -0.84447801;
  -0.93502837, 0.21824218, -0.27944991;
  0.07041233, 0.88672286, 0.45690766]
237
[0.74069828, -0.3214682, 0.58993584;
  0.53024876, -0.25948656, -0.80715734;
  0.41255581, 0.91067278, -0.021743111]
238
[-0.89622819, -0.077747352, 0.43672693;
  0.42049167, -0.46247295, 0.78058028;
  0.14128634, 0.88321805, 0.44717339]
239
[0.93043351, 0.041556459, 0.36409682;
  0.31757969, 0.4043248, -0.85770893;
  -0.18285672, 0.9136709, 0.36299989]
240
[0.69418555, -0.031235529, 0.719118;
  0.70168883, 0.25204492, -0.66641289;
  -0.16043428, 0.96721131, 0.19688356]
241
[0.75364858, -0.078768671, 0.65254068;
  0.64049941, 0.3108983, -0.70221275;
  -0.14756145, 0.94717354, 0.28475934]
242
[-0.36064035, -0.49516988, 0.79040837;
  0.85226506, 0.16933164, 0.49494553;
  -0.37892327, 0.8521347, 0.36094815]
243
[0.039962716, -0.3209655, 0.9462474;
  0.99672329, -0.053846445, -0.060359079;
  0.07032524, 0.94555897, 0.31776193]
244
[-0.31679294, -0.26517734, 0.91067183;
  0.94829553, -0.06887237, 0.30982614;
  -0.019438742, 0.96173674, 0.27328476]
245
[0.17812888, 0.30330291, -0.93609691;
  -0.98125094, 0.12590423, -0.14592721;
  0.073598415, 0.94453984, 0.32004344]
246
[-0.31350645, 0.19411381, -0.92953402;
  -0.9282952, 0.1434737, 0.34305009;
  0.19995445, 0.97043037, 0.13521497]
247
[0.4269259, 0.05720463, -0.90247542;
  -0.89789045, 0.14530611, -0.41554651;
  0.10736401, 0.98773164, 0.11339843]
248
[0.97814685, 0.0061455914, -0.20782435;
  -0.20484431, 0.19964606, -0.9582172;
  0.035602503, 0.9798488, 0.19654205]
249
[0.38181683, -0.15515266, 0.91112214;
  0.92411274, 0.047857571, -0.37911117;
  0.015216011, 0.98673064, 0.16165137]
250
[0.98332387, -0.048139665, 0.17537583;
  0.18153837, 0.31740808, -0.93075019;
  -0.010859705, 0.94706637, 0.32085416]
251
[0.99152195, -0.051049575, 0.11949131;
  0.12948014, 0.31092265, -0.94157422;
  0.01091441, 0.94906324, 0.31489652]
252
[0.91819566, 0.15969425, -0.36251137;
  -0.39593148, 0.34121594, -0.85253149;
  -0.012449723, 0.92632037, 0.37653098]
253
[0.01290341, 0.38310608, -0.9236142;
  -0.99631834, -0.073366873, -0.044350985;
  -0.084753819, 0.92078608, 0.38074896]
254
[-0.1267463, -0.24517849, 0.96115708;
  0.98812538, -0.11605085, 0.10069952;
  0.086853735, 0.96250701, 0.2569761]
255
[0.30358252, -0.24518204, 0.92071897;
  0.94708145, -0.028109204, -0.31976017;
  0.10428013, 0.96906948, 0.22367391]
256
[-0.43924519, -0.54434949, 0.71466589;
  0.87208992, -0.067369998, 0.48468593;
  -0.21569149, 0.83614886, 0.50431365]
257
[0.28848487, -0.19648542, 0.93710721;
  0.95617163, 0.0078843087, -0.29270065;
  0.050122965, 0.98047507, 0.19014828]
258
[0.94288641, -0.2297965, 0.24116135;
  0.30747253, 0.32183596, -0.89547879;
  0.12816349, 0.91848528, 0.37411085]
259
[-0.22661312, -0.26835176, 0.93628722;
  0.97382694, -0.079734772, 0.212846;
  0.01753705, 0.96001548, 0.27939713]
260
[-0.31320852, -0.20826015, 0.92656791;
  0.94958365, -0.05446846, 0.30874595;
  -0.013830748, 0.97655565, 0.21482041]
261
[0.93970805, -0.037797581, 0.33988249;
  0.34130165, 0.16612077, -0.92515785;
  -0.021492807, 0.98538077, 0.16900539]
262
[0.92947119, -0.17106582, 0.32683295;
  0.36231077, 0.25668526, -0.89601541;
  0.069384411, 0.95123559, 0.30056053]
263
[0.52394468, -0.35521379, 0.77414799;
  0.84807444, 0.13319042, -0.51286453;
  0.079067446, 0.92524779, 0.37103215]
264
[0.54605228, -0.3224788, 0.77319747;
  0.82649833, 0.056606248, -0.56008589;
  0.13684803, 0.94488263, 0.29743817]
265
[0.69358063, 0.070528984, 0.71691811;
  0.53530616, 0.61551726, -0.57843399;
  -0.48207182, 0.78496128, 0.38915625]
266
[0.56451648, -0.32227328, 0.75990862;
  0.81953669, 0.10909519, -0.5625459;
  0.098391145, 0.94033939, 0.32570082]
267
[0.84999323, -0.30448297, 0.42988563;
  0.51763725, 0.33126399, -0.78886998;
  0.097791851, 0.89305896, 0.43918386]
268
[-0.4107779, -0.29747021, 0.86184281;
  0.89904016, -0.28935423, 0.32863486;
  0.15161878, 0.90982723, 0.386298]
269
[0.85150105, -0.28517824, 0.44002199;
  0.50741518, 0.23657782, -0.82858962;
  0.13219631, 0.92881876, 0.34615001]
270
[-0.67742103, 0.15943848, -0.71810871;
  -0.72812492, -0.006560829, 0.685413;
  0.10456982, 0.98718607, 0.12053557]
271
[-0.89430171, 0.15217806, -0.42079252;
  -0.42966801, -0.029473076, 0.90250582;
  0.12493954, 0.98791355, 0.091743872]
272
[-0.98836935, 0.15068036, 0.020530565;
  0.002642581, -0.11796687, 0.99301404;
  0.15204965, 0.98151886, 0.11619665]
273
[0.0017438005, -0.062321704, -0.99805456;
  -0.99917972, 0.040270779, -0.0042604017;
  0.040457953, 0.99724334, -0.062200356]
274
[0.6483075, -0.31105909, -0.69493854;
  -0.63983172, 0.27214924, -0.71871424;
  0.4126896, 0.9105916, -0.022589089]
275
[-0.57355368, -0.21758907, 0.78974122;
  0.81344432, -0.037516598, 0.58043164;
  -0.096667163, 0.97531921, 0.19851436]
276
[-0.39810219, 0.29532647, -0.86850268;
  -0.834077, 0.27759326, 0.47671533;
  0.38187715, 0.91417956, 0.13581455]
277
[-0.18487269, 0.24860221, -0.95079917;
  -0.98141617, 0.0039223554, 0.19185141;
  0.051424056, 0.96859771, 0.24325709]
278
[0.5573979, 0.13238253, -0.81962335;
  -0.70338708, 0.59976804, -0.38147724;
  0.44108298, 0.78914708, 0.42742559]
279
[0.94050336, -0.18260755, 0.28654474;
  0.32641408, 0.2513198, -0.91120374;
  0.094378307, 0.95052242, 0.29597279]
280
[-0.59785116, -0.0028311701, 0.80160213;
  0.79546773, -0.12562239, 0.59283227;
  0.099020772, 0.99207407, 0.077355593]
281
[-0.13156688, -0.38003072, 0.91556913;
  0.98798573, -0.12581275, 0.089751266;
  0.081082039, 0.91637754, 0.39201775]
282
[0.3703824, -0.054660175, 0.9272697;
  0.92799342, 0.06536413, -0.36681843;
  -0.040559821, 0.99636328, 0.074934006]
283
[0.16682346, -0.089650333, 0.9819026;
  0.98506689, 0.058161229, -0.1620508;
  -0.042580757, 0.99427366, 0.098014235]
284
[0.95037144, 0.030156828, 0.30965251;
  0.30216938, 0.1475161, -0.94177103;
  -0.074079558, 0.98859978, 0.13108262]
285
[0.30153683, -0.19384493, 0.93354148;
  0.95321929, 0.039540347, -0.29968247;
  0.021179372, 0.98023504, 0.19669959]
286
[0.90095186, -0.13427164, 0.41262192;
  0.42971253, 0.14400075, -0.89140952;
  0.060273152, 0.98042589, 0.18743595]
287
[-0.87157625, -0.094906732, 0.48098597;
  0.46347025, -0.47937596, 0.74524766;
  0.15984409, 0.87246287, 0.46179914]
288
[-0.81505942, -0.086662754, 0.57285923;
  0.56333041, -0.34963322, 0.74860901;
  0.13541411, 0.93286985, 0.33379161]
289
[-0.91715145, -0.087217607, 0.3888782;
  0.39024678, -0.3945443, 0.83189076;
  0.08087416, 0.91472834, 0.39589328]
290
[0.56732464, 0.36785868, -0.73676509;
  -0.67422092, 0.72119313, -0.15908052;
  0.47283077, 0.58699274, 0.65716863]
291
[-0.10537045, 0.21571057, -0.9707554;
  -0.99253553, 0.037463021, 0.11605919;
  0.061402623, 0.97573841, 0.21015291]
292
[-0.78025675, 0.039182983, 0.6242308;
  0.62449092, -0.00671208, 0.78100324;
  0.034791924, 0.99920952, -0.019232273]
293
[-0.43550825, -0.014785324, 0.90006334;
  0.89915323, -0.05499718, 0.43416446;
  0.043081682, 0.99837703, 0.037245996]
294
[0.16187713, -0.025959171, 0.98646945;
  0.98571867, 0.051274922, -0.16040461;
  -0.046417173, 0.99834716, 0.033888675]
295
[-0.37061444, 0.23194204, -0.8993597;
  -0.92876393, -0.099348962, 0.35710976;
  -0.0065216864, 0.96764284, 0.25223956]
296
[-0.32056999, 0.28671184, -0.90279078;
  -0.94702893, -0.077628911, 0.31162474;
  0.019263834, 0.95486653, 0.2964099]
297
[-0.94630849, -0.058780447, 0.31787589;
  0.32297561, -0.21351172, 0.9220084;
  0.013674162, 0.97517055, 0.2210326]
298
[0.9841944, -0.092453226, -0.15104218;
  -0.11976275, 0.28081059, -0.95226169;
  0.1304539, 0.95529985, 0.26529977]
299
[0.9325186, 0.0016001469, -0.36111847;
  -0.34241661, 0.32158285, -0.88279969;
  0.11471689, 0.9468801, 0.30042988]
300
[0.72461975, -0.23229875, 0.648817;
  0.68790275, 0.18722029, -0.7012406;
  0.041425604, 0.95445579, 0.29546246]
301
[0.59924978, -0.17654553, 0.78085297;
  0.79742986, 0.2178314, -0.56272113;
  -0.070748389, 0.95988601, 0.27131811]
302
[0.50623661, -0.071718991, 0.85940725;
  0.80333006, -0.32323676, -0.50017881;
  0.31366435, 0.94359654, -0.10602027]
303
[-0.72374439, -0.1684607, -0.66918987;
  -0.68846601, 0.11022909, 0.71684313;
  -0.046995707, 0.97952569, -0.19575715]
304
[-0.85441619, 0.16319793, -0.49329442;
  -0.51953375, -0.28220436, 0.80650192;
  -0.0075903898, 0.94537145, 0.32590681]
305
[-0.61543626, -0.14678417, 0.77439821;
  0.73362023, -0.46588838, 0.4947215;
  0.28816584, 0.87258375, 0.39440843]
306
[-0.8363983, 0.10034854, -0.53885812;
  -0.54755282, -0.1977627, 0.81306571;
  -0.024976086, 0.97510004, 0.22035451]
307
[-0.9899568, 0.051474247, -0.1316659;
  -0.13935135, -0.19847269, 0.97014934;
  0.023805624, 0.97875381, 0.2036524]
308
[0.20307924, 0.18299015, -0.96191132;
  -0.97882658, 0.063662954, -0.19453941;
  0.02563932, 0.98105127, 0.19204424]
309
[-0.3364549, -0.17444587, 0.92540085;
  0.93974948, -0.12540655, 0.31803155;
  0.060572036, 0.97664827, 0.20612906]
310
[-0.48130563, -0.13973695, 0.86534297;
  0.87488407, -0.13746949, 0.46441361;
  0.054062504, 0.9805997, 0.18841848]
311
[-0.025453582, -0.34098747, 0.93972319;
  0.99944025, 0.011734135, 0.031328935;
  -0.021709614, 0.93999463, 0.34049791]
312
[-0.63092321, -0.26167718, 0.73038411;
  0.77575582, -0.22706801, 0.58876395;
  0.011780775, 0.93806458, 0.34626007]
313
[-0.1336516, 0.43134925, -0.89223039;
  -0.99045753, -0.088691548, 0.10548755;
  -0.033631321, 0.89781493, 0.43908691]
314
[-0.80049723, 0.26344705, -0.53833061;
  -0.59930599, -0.36090556, 0.71454847;
  -0.0060408185, 0.89461881, 0.44678929]
315
[0.24313489, 0.44708782, -0.86081237;
  -0.96539289, 0.02521324, -0.25957823;
  -0.094350405, 0.89413464, 0.43774563]
316
[-0.93440306, 0.0075911717, -0.35613662;
  -0.34466371, -0.27183011, 0.89850724;
  -0.089987934, 0.96231532, 0.25661531]
317
[-0.92977899, -0.039396781, 0.36600393;
  0.36562026, -0.21446143, 0.90571964;
  0.042811286, 0.9759376, 0.213806]
318
[-0.97969735, 0.0039777276, -0.20044279;
  -0.19473192, -0.25661978, 0.94669199;
  -0.047671903, 0.96650428, 0.25218433]
319
[-0.85404855, 0.059349462, -0.51679653;
  -0.51971883, -0.13977, 0.8428266;
  -0.022211352, 0.98840374, 0.1502154]
320
[0.37470129, -0.4678807, 0.80042899;
  0.91171241, 0.029078251, -0.40979859;
  0.16846178, 0.88331312, 0.43746832]
321
[-0.99950379, 0.0090387287, -0.030173931;
  -0.031349443, -0.37858364, 0.92503601;
  -0.0030622073, 0.92552292, 0.37867916]
322
[-0.51699179, -0.29996797, 0.80170989;
  0.85598952, -0.1824723, 0.48372078;
  0.0011890989, 0.93633491, 0.35110614]
323
[0.95318365, 0.13994619, -0.26805958;
  -0.29323754, 0.21130843, -0.93239504;
  -0.073841892, 0.96734887, 0.24245323]
324
[0.32555053, 0.21912514, -0.91978312;
  -0.94541299, 0.060486648, -0.32021192;
  -0.014531886, 0.97382009, 0.22685522]
325
[-0.11895811, 0.22368982, -0.96737367;
  -0.99274802, -0.043802541, 0.11194975;
  -0.017331405, 0.97367561, 0.22727829]
326
[0.87012893, 0.13146253, -0.47496659;
  -0.49027255, 0.13296251, -0.8613674;
  -0.050084785, 0.98236376, 0.18014699]
327
[-0.27373314, -0.43442029, 0.85810792;
  0.9576931, -0.2055261, 0.20145209;
  0.088848688, 0.87694812, 0.47230062]
328
[0.47252589, -0.44125691, 0.7628969;
  0.88007671, 0.19034642, -0.43500945;
  0.046736244, 0.87696099, 0.47828352]
329
[0.84559345, -0.32588899, 0.42280978;
  0.52343267, 0.3506231, -0.77658331;
  0.10483309, 0.87798625, 0.46706554]
330
[0.78538966, 0.26216984, -0.56074059;
  -0.609079, 0.16575964, -0.77559429;
