0
[[ 0.43746946 -0.41807232  0.79613818]
 [ 0.89746236  0.14745151 -0.41571549]
 [ 0.05640736  0.89636688  0.43970971]]
1
[[ 0.54064831 -0.22655673  0.81016755]
 [ 0.84124149  0.14959224 -0.51955261]
 [-0.00348664  0.9624418   0.27146571]]
2
[[-0.92456311 -0.16415594  0.34385445]
 [ 0.38009983 -0.46033438  0.80225706]
 [ 0.02659276  0.87243629  0.48800383]]
3
[[-0.16735032  0.29443534 -0.94090472]
 [-0.98566748 -0.02935295  0.16612652]
 [ 0.02129519  0.95522052  0.29512756]]
4
[[-0.48888802  0.31842423 -0.81215425]
 [-0.87161635 -0.2163893   0.43984157]
 [-0.03568528  0.92292019  0.3833339 ]]
5
[[-0.08342723  0.23403044 -0.9686432 ]
 [-0.99642933 -0.03225284  0.0780279 ]
 [-0.01298059  0.97169414  0.23588556]]
6
[[-0.18065748  0.35106624 -0.91875751]
 [-0.98345618 -0.07710701  0.16391599]
 [-0.01329727  0.9331704   0.35918822]]
7
[[-0.28254359  0.24373042 -0.927774  ]
 [-0.95907413 -0.09052887  0.26829337]
 [-0.01859908  0.96560862  0.25933389]]
8
[[-0.8466623   0.22338199 -0.48297354]
 [-0.52125722 -0.16561403  0.83717555]
 [ 0.10702274  0.96055842  0.25665863]]
9
[[-0.26625648  0.24289052 -0.93279777]
 [-0.96328767 -0.10160141  0.24850356]
 [-0.03441441  0.96471827  0.26102548]]
10
[[-0.86112399  0.20234525 -0.4663924 ]
 [-0.49751102 -0.1465883   0.85498226]
 [ 0.10463393  0.96828109  0.22689969]]
11
[[-0.98627948  0.14344603 -0.08170695]
 [-0.11291826 -0.22514579  0.9677597 ]
 [ 0.12042532  0.96370774  0.23825435]]
12
[[ 0.9399729   0.1412836  -0.31062822]
 [-0.33487565  0.20679319 -0.91929042]
 [-0.06564486  0.96812991  0.24169243]]
13
[[ 0.60714696 -0.49289689  0.62323769]
 [ 0.79443103  0.39221518 -0.46373116]
 [-0.01587164  0.77667233  0.62970484]]
14
[[ 0.17756569 -0.14824419 -0.97287927]
 [-0.96586569 -0.21572132 -0.14341469]
 [-0.1886104   0.96513625 -0.18148869]]
15
[[ 0.55216633 -0.55267365  0.62423088]
 [ 0.83303099  0.39645645 -0.38585184]
 [-0.03423021  0.73305806  0.67930418]]
16
[[ 0.6913491  -0.37362919  0.61841543]
 [ 0.72186481  0.39365176 -0.5691656 ]
 [-0.03078344  0.83990447  0.54186056]]
17
[[-0.71656102 -0.19450481  0.66985683]
 [ 0.69598848 -0.26306791  0.66812821]
 [ 0.04626369  0.94496728  0.32387732]]
18
[[-0.95299184 -0.02544697  0.30192551]
 [ 0.298646   -0.24713102  0.92181171]
 [ 0.05115785  0.96864788  0.24311348]]
19
[[-0.56933135 -0.16390745  0.80560298]
 [ 0.82148949 -0.15143373  0.54974798]
 [ 0.03188767  0.97478314  0.22086422]]
20
[[ 0.00357457 -0.32875635  0.94440801]
 [ 0.99907923  0.04155199  0.0106831 ]
 [-0.04275416  0.94350024  0.32860217]]
21
[[ 0.92971365 -0.0720089   0.36117482]
 [ 0.36274189  0.34853112 -0.86425944]
 [-0.06364629  0.93452703  0.35015479]]
22
[[ 0.60558525 -0.19856274  0.77060972]
 [ 0.79577918  0.14938369 -0.58687308]
 [ 0.0014146   0.96863685  0.24847666]]
23
[[ 0.95214705 -0.28386016  0.11331112]
 [ 0.23249573  0.43201882 -0.87138136]
 [ 0.19839791  0.85602754  0.47734172]]
24
[[ 0.10927518  0.29218696 -0.95009774]
 [-0.99329725  0.06832684 -0.09323096]
 [ 0.0376763   0.9539173   0.29769494]]
25
[[-0.86690791  0.07013982  0.49350895]
 [ 0.49211415 -0.03714965  0.86973764]
 [ 0.07933693  0.99684518 -0.00231147]]
26
[[-0.69168292  0.03585954  0.7213105 ]
 [ 0.71912655 -0.05786674  0.69246549]
 [ 0.06657138  0.99768008  0.01423788]]
27
[[ 0.52451951 -0.8442914   0.1097785 ]
 [ 0.51863852  0.21459486 -0.827625  ]
 [ 0.67519876  0.49104082  0.55044123]]
28
[[-2.29412916e-01  3.70126982e-02 -9.72625197e-01]
 [-9.73292131e-01 -3.48050710e-06  2.29570093e-01]
 [ 8.49362333e-03  9.99314795e-01  3.60249664e-02]]
29
[[-0.18606533 -0.00627978 -0.98251731]
 [-0.98143565  0.04852979  0.18555031]
 [ 0.04651614  0.99880199 -0.01519291]]
30
[[ 0.66916227 -0.30800541  0.67627992]
 [ 0.71892061  0.4986582  -0.48424493]
 [-0.18808247  0.81023001  0.55511469]]
31
[[ 0.53686198  0.51288601 -0.669871  ]
 [-0.82445611  0.15044962 -0.54556121]
 [-0.17902888  0.84517031  0.50362268]]
32
[[ 0.92607508  0.26201478 -0.27153857]
 [-0.35352263  0.35084707 -0.86713787]
 [-0.13193442  0.89902981  0.41753888]]
33
[[ 0.0557246   0.20272756  0.97764836]
 [ 0.8304234   0.5342263  -0.15811146]
 [-0.55433902  0.82067277 -0.13858016]]
34
[[ 0.96480488  0.14361738 -0.22028524]
 [-0.23842575  0.12438545 -0.9631622 ]
 [-0.11092655  0.98178527  0.15424977]]
35
[[ 0.85043254 -0.38527686  0.35822651]
 [ 0.52130909  0.52562434 -0.67227665]
 [ 0.07072007  0.75847267  0.64785637]]
36
[[ 9.99597566e-01  2.81673128e-02  3.36284098e-03]
 [ 1.91786173e-04  1.11833062e-01 -9.93726989e-01]
 [-2.83666958e-02  9.93327725e-01  1.11782655e-01]]
37
[[ 0.59952645 -0.17315526  0.78139957]
 [ 0.79954043  0.08553883 -0.59448988]
 [ 0.03609904  0.98117295  0.18972742]]
38
[[-9.99886099e-01 -1.48650162e-02 -2.61158704e-03]
 [ 8.79577165e-04 -2.30135266e-01  9.73158253e-01]
 [-1.50670314e-02  9.73045112e-01  2.30122129e-01]]
39
[[-0.93337394 -0.10232898  0.34400852]
 [ 0.35798027 -0.33420774  0.87186886]
 [ 0.02575286  0.93692794  0.34857255]]
40
[[-0.93321277 -0.1425899   0.32982124]
 [ 0.34254944 -0.07585506  0.93643253]
 [-0.10850721  0.98687088  0.119633  ]]
41
[[-0.61455274  0.26495503 -0.74305031]
 [-0.78662016 -0.13463925  0.60257862]
 [ 0.0596125   0.9548147   0.29116189]]
42
[[-0.99510903  0.03416025  0.09268817]
 [ 0.07684899 -0.3218369   0.94367115]
 [ 0.06206652  0.94617868  0.31763762]]
43
[[-0.61769633 -0.15923352  0.77012722]
 [ 0.73021564 -0.47968731  0.48650304]
 [ 0.29195266  0.86287008  0.41257589]]
44
[[-0.93564762  0.21792987  0.27761504]
 [ 0.15085652 -0.46416654  0.87280681]
 [ 0.31907029  0.85851965  0.40142017]]
45
[[-0.64267329 -0.11807219  0.75698745]
 [ 0.69112209 -0.51575324  0.50630905]
 [ 0.33063772  0.84856205  0.41306313]]
46
[[-0.92066449  0.38943653 -0.02675958]
 [-0.19361164 -0.39603949  0.89758969]
 [ 0.33895637  0.83155993  0.44001894]]
47
[[-0.91745568  0.3805764  -0.11591668]
 [-0.2489577  -0.32194537  0.91343924]
 [ 0.31031458  0.86689837  0.39011804]]
48
[[-0.63699493  0.20981104  0.74176599]
 [ 0.74456375 -0.08176481  0.66252497]
 [ 0.19965541  0.97431712 -0.10413392]]
49
[[-0.70772338  0.50055651 -0.49856876]
 [-0.63446905 -0.13989417  0.7601833 ]
 [ 0.31076784  0.85432593  0.41659398]]
50
[[-0.99559677  0.09370182 -0.00265155]
 [-0.01458341 -0.126885    0.99181022]
 [ 0.09259798  0.98748173  0.12769279]]
51
[[-0.99329686  0.10991967  0.0357634 ]
 [ 0.01110607 -0.21721008  0.9760617 ]
 [ 0.11505655  0.96991621  0.21453332]]
52
[[ 0.51349993 -0.15312754  0.84431616]
 [ 0.8450571   0.26107955 -0.46660044]
 [-0.14898431  0.95309466  0.26346585]]
53
[[ 0.79304449 -0.03701886  0.60803786]
 [ 0.59210797  0.28138483 -0.75513623]
 [-0.14313835  0.95888069  0.24506985]]
54
[[ 0.52042383 -0.1084813   0.84698928]
 [ 0.82625893  0.31433894 -0.46742616]
 [-0.21553471  0.94309217  0.25322312]]
55
[[ 0.71166435  0.24515808 -0.65835505]
 [-0.69674281  0.12637436 -0.70610125]
 [-0.08990723  0.96121123  0.26074826]]
56
[[ 0.52936789  0.14730605 -0.83550617]
 [-0.84723188  0.04029579 -0.52969273]
 [-0.04435956  0.98826979  0.14613367]]
57
[[-0.77360823  0.15379595  0.61471709]
 [ 0.42675177 -0.59066306  0.6848358 ]
 [ 0.46841565  0.79212622  0.39130912]]
58
[[ 0.1620682  -0.66758431  0.72668087]
 [ 0.98677698  0.1079586  -0.12089723]
 [ 0.00225765  0.73666555  0.67625349]]
59
[[ 0.678097    0.70990294  0.19032148]
 [ 0.57111175 -0.34595089 -0.74441208]
 [-0.46261844  0.61347843 -0.64002218]]
60
[[-0.30850556 -0.566096    0.7644342 ]
 [ 0.90432495  0.07467506  0.42026184]
 [-0.29499271  0.82095003  0.48889707]]
61
[[-0.80756403 -0.42558405  0.40831182]
 [ 0.51836133 -0.18194202  0.83558281]
 [-0.28132164  0.88643969  0.36753615]]
62
[[-0.78803427 -0.45791313  0.41148214]
 [ 0.55766403 -0.24781464  0.79221129]
 [-0.26079265  0.85375844  0.45064812]]
63
[[-0.38602208 -0.47585461  0.79028434]
 [ 0.90256631 -0.01774043  0.43018524]
 [-0.19068564  0.87934502  0.43633854]]
64
[[-0.9418855  -0.31659554  0.11233422]
 [ 0.19470548 -0.24198614  0.95054326]
 [-0.27375443  0.917175    0.28956612]]
65
[[-0.93054364  0.15048333  0.33383126]
 [ 0.32458871 -0.08302177  0.94220462]
 [ 0.16950135  0.98512038  0.02841019]]
66
[[-0.48430388 -0.02755065  0.87446596]
 [ 0.87454964 -0.0435222   0.48297902]
 [ 0.0247523   0.99867251  0.04517238]]
67
[[-0.3088394  -0.16047629  0.93747831]
 [ 0.95065669 -0.08265217  0.29903255]
 [ 0.02949698  0.98357307  0.17808411]]
68
[[-0.87252558 -0.34572975  0.34521016]
 [ 0.47946683 -0.47018104  0.74097325]
 [-0.09386522  0.81203493  0.57601093]]
69
[[ 0.92988834 -0.04216148  0.3654177 ]
 [ 0.36749334  0.14971949 -0.91789581]
 [-0.0160103   0.98782918  0.15471647]]
70
[[-0.69490474  0.33318205 -0.6372575 ]
 [-0.70741191 -0.15759748  0.68900757]
 [ 0.12913478  0.92959817  0.34521218]]
71
[[-0.01572955 -0.11548321  0.99318488]
 [ 0.99985413 -0.00842843  0.01485515]
 [ 0.00665547  0.99327367  0.11559894]]
72
[[-0.15605752 -0.01136118  0.98768263]
 [ 0.98763092  0.0135985   0.15620577]
 [-0.01520568  0.99984299  0.0090985 ]]
73
[[-0.76512175  0.28375316 -0.57799035]
 [-0.6408764  -0.24892005  0.72616544]
 [ 0.06217836  0.92602535  0.37230485]]
74
[[ 0.25154662 -0.12642747 -0.95955218]
 [-0.9394407   0.20653385 -0.27348662]
 [ 0.23275623  0.97023701 -0.06681822]]
75
[[-0.98051096  0.0982745  -0.17011874]
 [-0.19032561 -0.26037628  0.94656239]
 [ 0.04872806  0.96049275  0.27400595]]
76
[[-0.81885749  0.202528   -0.53707989]
 [-0.57202932 -0.21052679  0.79275528]
 [ 0.04748543  0.95637905  0.2882434 ]]
77
[[ 0.54759808  0.12102716 -0.82794249]
 [-0.80082595  0.36259173 -0.47666029]
 [ 0.24251626  0.92405609  0.29547623]]
78
[[-0.5545208  -0.43415874  0.70993864]
 [ 0.80718878 -0.48808172  0.33199775]
 [ 0.20236835  0.75715416  0.62109953]]
79
[[ 0.09118225 -0.19185014  0.97717927]
 [ 0.9948088   0.06206778 -0.08064149]
 [-0.04518027  0.9794596   0.19651368]]
80
[[-0.04597314 -0.19278894  0.98016269]
 [ 0.99853906  0.01902069  0.05057625]
 [-0.02839391  0.98105588  0.19163284]]
81
[[ 0.53169143 -0.32078323  0.78383821]
 [ 0.8442463   0.12701158 -0.52068824]
 [ 0.06747153  0.93859798  0.33835102]]
82
[[ 0.95392828  0.06091287 -0.29378642]
 [-0.29445127  0.37808491 -0.87769599]
 [ 0.05761323  0.92376481  0.37860176]]
83
[[ 0.75778969 -0.18304339  0.62629858]
 [ 0.65141073  0.15681536 -0.74234292]
 [ 0.03766772  0.97051742  0.23806949]]
84
[[ 0.89514766 -0.2755417   0.35041038]
 [ 0.4419042   0.44521854 -0.77878182]
 [ 0.05857767  0.85197255  0.52029937]]
85
[[ 0.10713932  0.45116728 -0.8859849 ]
 [-0.99382809  0.0228241  -0.1085578 ]
 [-0.02875592  0.89214749  0.45082807]]
86
[[ 0.65341521  0.41487489 -0.63318827]
 [-0.75696183  0.34971946 -0.55200098]
 [-0.00757309  0.83998519  0.54255647]]
87
[[-0.52222156 -0.19696684  0.8297522 ]
 [ 0.84950687 -0.03459683  0.52644196]
 [-0.07498482  0.97979953  0.1853919 ]]
88
[[ 0.22430324 -0.05185439  0.97313883]
 [ 0.96863329  0.12145076 -0.21679315]
 [-0.10694677  0.99124207  0.07746969]]
89
[[-0.98081848 -0.18268959 -0.06796786]
 [ 0.00152014 -0.35584861  0.93454238]
 [-0.19491743  0.91651311  0.3493006 ]]
90
[[ 0.06741194 -0.26363373  0.96226446]
 [ 0.98025998  0.19716907 -0.01465378]
 [-0.18586556  0.94425718  0.27172114]]
91
[[-0.56347173 -0.31788658  0.7625272 ]
 [ 0.81578722 -0.06846798  0.57428507]
 [-0.13034882  0.94565335  0.29790758]]
92
[[-0.02988164 -0.28112479  0.95920589]
 [ 0.99549016  0.07806989  0.05389277]
 [-0.09003569  0.95649043  0.27752411]]
93
[[ 0.53997386  0.02224428 -0.8413878 ]
 [-0.8342255   0.14691013 -0.53149339]
 [ 0.11178571  0.98889969  0.09788437]]
94
[[-0.06437973  0.05381164  0.99647356]
 [ 0.96460424 -0.25252545  0.07595763]
 [ 0.25572234  0.96609275 -0.03564941]]
95
[[-0.98823532 -0.1483483   0.03719868]
 [ 0.08419169 -0.32461905  0.94209035]
 [-0.1276821   0.93413878  0.3332897 ]]
96
[[ 0.36020558 -0.3019593   0.88265085]
 [ 0.91753376  0.28555199 -0.27675235]
 [-0.16847476  0.90954969  0.37991527]]
97
[[ 0.2820204  -0.25624328  0.92455604]
 [ 0.95190177  0.19504752 -0.23630379]
 [-0.11978111  0.94672902  0.29892582]]
98
[[-0.03758446  0.06470836 -0.99719619]
 [-0.99926711  0.00481295  0.03797483]
 [ 0.00725675  0.99789261  0.06448005]]
99
[[ 0.85169579  0.22237092 -0.47451602]
 [-0.50527756  0.58858094 -0.63108404]
 [ 0.13895635  0.77725392  0.61365094]]
100
[[ 0.27947897  0.27373496 -0.92030467]
 [-0.96009594  0.06933346 -0.27094032]
 [-0.01035792  0.9593029   0.28218907]]
101
[[-0.10126385  0.25008245 -0.96291453]
 [-0.99022098 -0.11869363  0.0733091 ]
 [-0.0959585   0.96092174  0.25965627]]
102
[[-0.87535509  0.14635022 -0.46079832]
 [-0.43668389  0.16974152  0.88345628]
 [ 0.20751062  0.97456115 -0.08467532]]
103
[[-0.97038793  0.21748389 -0.10510958]
 [-0.15521199 -0.227985    0.96121386]
 [ 0.18508512  0.94906459  0.25499   ]]
104
[[ 0.61063282 -0.20113647 -0.76594496]
 [-0.78614616 -0.27048489 -0.55570869]
 [-0.09540325  0.94147865 -0.32328961]]
105
[[-0.98791884  0.13179156  0.08153128]
 [ 0.0404439  -0.28861337  0.95659114]
 [ 0.14960166  0.94833186  0.27979642]]
106
[[-0.84753259  0.23165754 -0.47751785]
 [-0.52271137 -0.20839699  0.82664594]
 [ 0.09198549  0.95021339  0.29771327]]
107
[[-0.3646928   0.28281023 -0.88714009]
 [-0.92143838  0.02747684  0.38755173]
 [ 0.1339794   0.95878225  0.25057159]]
108
[[-0.93893279  0.26362888 -0.2211448 ]
 [-0.28451804 -0.23333485  0.92984103]
 [ 0.19353216  0.93597792  0.29409292]]
109
[[ 0.56212553 -0.33279966  0.75713887]
 [ 0.82453955  0.15420581 -0.54438506]
 [ 0.06441595  0.93030369  0.36108951]]
110
[[ 0.03447517 -0.42959812  0.90236185]
 [ 0.95892281 -0.24015629 -0.15097016]
 [ 0.28156438  0.87050009  0.40367201]]
111
[[ 0.69711118 -0.44197279  0.56453171]
 [ 0.71488027  0.3685126  -0.59425977]
 [ 0.0546096   0.81783771  0.57285188]]
112
[[ 0.5614158  -0.46409586  0.68514767]
 [ 0.82566391  0.25851298 -0.50144805]
 [ 0.05560039  0.84722256  0.52832048]]
113
[[ 0.65142938 -0.40742076  0.64003756]
 [ 0.56339101 -0.3052544  -0.76773063]
 [ 0.50816368  0.8607137   0.03068551]]
114
[[-0.22255915  0.36214302 -0.90516289]
 [-0.97307146 -0.02538     0.22910215]
 [ 0.05999471  0.93177695  0.35803959]]
115
[[-0.23000195  0.44217707 -0.8669363 ]
 [-0.97115917 -0.04676327  0.23380133]
 [ 0.06284082  0.8957079   0.44017996]]
116
[[-0.87810895 -0.29543543  0.37635431]
 [ 0.45677171 -0.28348331  0.84320627]
 [-0.14242284  0.91233498  0.38387578]]
117
[[ 0.92035966  0.0939529  -0.37961948]
 [-0.39029035  0.15928573 -0.90680841]
 [-0.02472932  0.9827517   0.18326907]]
118
[[ 0.88650909  0.12834798 -0.44455419]
 [-0.45934578  0.12844885 -0.87892112]
 [-0.05570527  0.98337566  0.17282718]]
119
[[ 0.93090581  0.16470579  0.32601591]
 [ 0.19968808  0.51787462 -0.83182363]
 [-0.30584153  0.83945094  0.44920271]]
120
[[ 0.13593913 -0.30161072  0.94369038]
 [ 0.98955446 -0.00479885 -0.14407962]
 [ 0.04798459  0.95341908  0.29780788]]
121
[[-0.32482435 -0.27747239  0.90415608]
 [ 0.94520154 -0.12850717  0.30013323]
 [ 0.03291186  0.9521003   0.30400959]]
122
[[-0.34773251 -0.61464487  0.70802103]
 [ 0.9343855  -0.16476084  0.31587594]
 [-0.07749739  0.77140492  0.63160795]]
123
[[ 0.26484727  0.15205161 -0.95222698]
 [-0.86860679 -0.39123922 -0.30406269]
 [-0.41878177  0.907641    0.02845442]]
124
[[ 0.82763362 -0.52995303  0.18485771]
 [ 0.09583358 -0.19109096 -0.97688288]
 [ 0.55302668  0.82621669 -0.10736601]]
125
[[-0.18777137 -0.65679887  0.73031306]
 [ 0.97672624 -0.04638037  0.20941519]
 [-0.10367147  0.7526381   0.65022159]]
126
[[-0.14375408 -0.21628251  0.96568972]
 [ 0.98850323 -0.07759253  0.12977198]
 [ 0.0468629   0.97324266  0.22495021]]
127
[[-0.95586635  0.20923149 -0.20625638]
 [-0.23094817 -0.10114342  0.96769466]
 [ 0.18161072  0.9726213   0.14500122]]
128
[[ 0.06670797 -0.13412665  0.98871638]
 [ 0.99748978 -0.01462487 -0.06928388]
 [ 0.02375266  0.99085627  0.13281437]]
129
[[-0.36640665 -0.18735518  0.91139684]
 [ 0.92951595 -0.02971294  0.36758296]
 [-0.04178829  0.98184275  0.18503665]]
130
[[ 0.53300879 -0.06526331  0.84358896]
 [ 0.84597751  0.02348312 -0.53270122]
 [ 0.01495574  0.99759172  0.067728  ]]
131
[[ 0.42539244 -0.77520784  0.46700545]
 [ 0.86367407  0.19356795 -0.46540149]
 [ 0.2703856   0.60131877  0.75186925]]
132
[[-0.89983511  0.11578138  0.42058464]
 [ 0.38489862 -0.24302811  0.89038778]
 [ 0.20530422  0.96308463  0.17412113]]
133
[[ 0.8097543   0.12313213 -0.57370415]
 [-0.58676737  0.16755737 -0.79223013]
 [-0.00142062  0.97814263  0.20793022]]
134
[[ 0.65625819  0.24945067 -0.71210923]
 [-0.75419423  0.24528078 -0.609121  ]
 [ 0.02272107  0.93680932  0.34910178]]
135
[[ 0.9447931  -0.00322837  0.3276516 ]
 [ 0.29316715  0.45495588 -0.84087346]
 [-0.14635237  0.89050813  0.43078563]]
136
[[ 0.93006786 -0.08418119  0.35761335]
 [ 0.35179598  0.48463052 -0.80085757]
 [-0.1058932   0.87065882  0.48035388]]
137
[[-0.99200716  0.04099036  0.1193381 ]
 [ 0.11894115 -0.0119987   0.9928288 ]
 [ 0.04212831  0.99908749  0.00702736]]
138
[[-0.56531442 -0.00104742 -0.82487484]
 [-0.8248174  -0.01115186  0.56528921]
 [-0.00979098  0.99993727  0.00544038]]
139
[[-0.57007447  0.00635316 -0.82156846]
 [-0.82129956  0.02231789  0.57006047]
 [ 0.02195737  0.99973074 -0.00750501]]
140
[[-0.97545077 -0.03767863 -0.21697031]
 [-0.21691311 -0.00564886  0.97617457]
 [-0.03800656  0.99927394 -0.0026628 ]]
141
[[-0.64031315 -0.20866125  0.73922903]
 [ 0.76706213 -0.12335746  0.62960196]
 [-0.04018411  0.970177    0.23904354]]
142
[[-0.98939913 -0.07145217 -0.12642763]
 [-0.11724676 -0.12066251  0.98574528]
 [-0.08568872  0.99011875  0.11100585]]
143
[[-0.81399228 -0.21818717  0.53834091]
 [ 0.57806373 -0.21318905  0.78765015]
 [-0.05708677  0.95233649  0.29966033]]
144
[[-0.00262635 -0.1174145   0.99307952]
 [ 0.99864111  0.05138057  0.00871593]
 [-0.05204837  0.99175293  0.11712   ]]
145
[[ 0.99542325 -0.01239429  0.09475726]
 [ 0.09528752  0.20415349 -0.97429033]
 [-0.00726939  0.97886043  0.20440015]]
146
[[ 0.09192663 -0.82447018  0.55838913]
 [ 0.9697706  -0.05316841 -0.23815563]
 [ 0.22604087  0.5634022   0.79465935]]
147
[[ 0.29148585 -0.84563912  0.44713585]
 [ 0.91927001  0.11836646 -0.37540915]
 [ 0.26453477  0.52046503  0.81187284]]
148
[[-0.68337937 -0.51593827  0.51652719]
 [ 0.69291344 -0.6811893   0.23633048]
 [ 0.22992086  0.51941201  0.82301128]]
149
[[-0.38957257 -0.74219192  0.5453296 ]
 [ 0.89413265 -0.44674656  0.03072979]
 [ 0.22081672  0.49956848  0.83765823]]
150
[[ 0.78230282 -0.10689837  0.6136571 ]
 [ 0.62037885  0.22222895 -0.75215981]
 [-0.05596771  0.96911663  0.24016782]]
151
[[ 0.23896577 -0.11481761  0.96421589]
 [ 0.96946156  0.08459018 -0.23019293]
 [-0.05513299  0.98977847  0.13152542]]
152
[[ 0.87636577 -0.0380281   0.48014258]
 [ 0.47333557  0.25238506 -0.84395215]
 [-0.08908691  0.96687933  0.23918168]]
153
[[ 0.99994592  0.01031361 -0.00133356]
 [-0.00329842  0.19292398 -0.98120816]
 [-0.00986252  0.9811595   0.19294757]]
154
[[ 0.35423203 -0.30744715  0.88317378]
 [ 0.9344865   0.1521471  -0.32184816]
 [-0.03542103  0.9393229   0.34120059]]
155
[[ 0.38104502 -0.30592679  0.8724755 ]
 [ 0.92420951  0.15188762 -0.35038112]
 [-0.02532726  0.93986113  0.34061647]]
156
[[-2.48757309e-01  4.69346211e-01 -8.47250811e-01]
 [-9.68565447e-01 -1.19746718e-01  2.18040589e-01]
 [ 8.81020109e-04  8.74857050e-01  4.84380394e-01]]
157
[[ 0.5434859  -0.22400627  0.8089773 ]
 [ 0.83939403  0.15235719 -0.52173264]
 [-0.00638212  0.96260505  0.27083351]]
158
[[ 0.99881659  0.01517432 -0.04620772]
 [-0.04860559  0.34476499 -0.93742978]
 [ 0.00170595  0.93856637  0.34509455]]
159
[[ 0.78646601 -0.18647629  0.5888105 ]
 [ 0.61414513  0.13492909 -0.77757308]
 [ 0.06555128  0.9731499   0.22064065]]
160
[[ 0.98197987 -0.00706102  0.18885358]
 [ 0.18860196  0.10025081 -0.97692327]
 [-0.01203464  0.99493714  0.099776  ]]
161
[[ 0.98651771  0.1153563  -0.11608498]
 [-0.13369793  0.15901304 -0.97818184]
 [-0.09438042  0.98051404  0.17229208]]
162
[[-0.56201073  0.00215497  0.82712713]
 [ 0.69045047 -0.54939811  0.47057398]
 [ 0.45543616  0.83555794  0.30727973]]
163
[[-0.69590418 -0.50134166  0.51417304]
 [ 0.71613388 -0.43106004  0.548944  ]
 [-0.05356904  0.75022915  0.65900423]]
164
[[-0.86382709 -0.14414981  0.48272516]
 [ 0.50371666 -0.26330311  0.82276424]
 [ 0.00850173  0.95388275  0.30005902]]
165
[[-0.89111099  0.08212261 -0.44629259]
 [-0.45343646 -0.1225807   0.88281898]
 [ 0.01779254  0.98905503  0.1464704 ]]
166
[[-0.57415192 -0.24495748  0.78124606]
 [ 0.81874139 -0.16771917  0.54912004]
 [-0.00348112  0.95491681  0.29685311]]
167
[[-0.97992498 -0.08100879  0.18216643]
 [ 0.19834046 -0.30353873  0.93194705]
 [-0.02020134  0.94936917  0.3135125 ]]
168
[[-0.99525702 -0.09391523  0.02536508]
 [ 0.05353707 -0.31107672  0.94887568]
 [-0.08122339  0.94573316  0.31462924]]
169
[[ 0.93092174  0.24252943 -0.27306444]
 [-0.2896467   0.03485178 -0.9564989 ]
 [-0.22246235  0.96951783  0.10269213]]
170
[[-0.76018676  0.39015731 -0.51951261]
 [-0.38935897  0.36654233  0.84501261]
 [ 0.52011122  0.8446443  -0.12672938]]
171
[[-0.41276374  0.30905266 -0.85680368]
 [-0.90938377 -0.19296657  0.36849026]
 [-0.05145157  0.93126277  0.36069707]]
172
[[-0.44748439 -0.19969998  0.8717096 ]
 [ 0.89021123 -0.19247953  0.4128869 ]
 [ 0.08533274  0.96076613  0.26390675]]
173
[[-0.88820957 -0.28728314 -0.35854171]
 [-0.34403242 -0.10134875  0.93347208]
 [-0.30450855  0.95246881 -0.00881578]]
174
[[-0.90825724 -0.03317621  0.41709487]
 [ 0.41227531 -0.2410662   0.87858759]
 [ 0.07139927  0.96994145  0.23262785]]
175
[[-0.90650191  0.15358931 -0.39327421]
 [-0.41878581 -0.2088505   0.88374199]
 [ 0.05359781  0.96581147  0.25364441]]
176
[[-0.77546981 -0.12769418  0.6183371 ]
 [ 0.62752618 -0.26398025  0.73247888]
 [ 0.06969549  0.95603798  0.28484016]]
177
[[ 0.60742485  0.05023858 -0.79278695]
 [-0.78461313  0.19393676 -0.58887246]
 [ 0.12416642  0.97972681  0.15721986]]
178
[[ 0.94540043 -0.05340063 -0.32150646]
 [-0.3020613   0.22685963 -0.92590155]
 [ 0.12238056  0.97246238  0.19834293]]
179
[[ 0.98809675 -0.07472157  0.13446747]
 [ 0.14726679  0.20679093 -0.96723834]
 [ 0.04446691  0.97552765  0.21533345]]
180
[[ 0.98875276 -0.0962037   0.11451123]
 [ 0.13396566  0.22929952 -0.9640928 ]
 [ 0.06649193  0.96858999  0.23960853]]
181
[[ 0.34163605 -0.31374866  0.88591568]
 [ 0.93945382  0.08725367 -0.33138093]
 [ 0.02667093  0.94548854  0.32456138]]
182
[[-0.03333454 -0.3063013   0.95135079]
 [ 0.99943998 -0.01299705  0.03083495]
 [ 0.00291997  0.95184589  0.30656301]]
183
[[ 0.6316733  -0.15465775  0.75965112]
 [ 0.7745353   0.08428934 -0.62688944]
 [ 0.03292282  0.98436593  0.17303122]]
184
[[-0.47923684 -0.49136914 -0.72724715]
 [-0.73120812 -0.2347811   0.64047835]
 [-0.48545518  0.83870985 -0.24677735]]
185
[[ 0.99828717 -0.020824    0.05467262]
 [ 0.05763065  0.18914365 -0.9802568 ]
 [ 0.01007189  0.9817286   0.19001978]]
186
[[ 0.13785765 -0.1635503   0.97685545]
 [ 0.99043761  0.02808983 -0.13507147]
 [-0.00534873  0.98613501  0.16585876]]
187
[[-0.20278403 -0.07445074  0.97638912]
 [ 0.97889733  0.01032066  0.20409192]
 [-0.02527177  0.99717128  0.07078677]]
188
[[-0.29238525 -0.37648582  0.87907297]
 [ 0.86909129 -0.48813846  0.08000731]
 [ 0.39898771  0.78738762  0.46992503]]
189
[[-0.32170588 -0.1814248   0.92929563]
 [ 0.94438872 -0.13205582  0.30114981]
 [ 0.06808286  0.97449797  0.21381867]]
190
[[-0.72203432 -0.11541213  0.68216309]
 [ 0.69158143 -0.14823614  0.70692374]
 [ 0.01953365  0.98219453  0.18684847]]
191
[[-0.91701675 -0.04997478  0.39570545]
 [ 0.3967033  -0.21704667  0.89191773]
 [ 0.04131316  0.97488115  0.21886059]]
192
[[ 0.60927423 -0.07345154  0.78955037]
 [ 0.79167297  0.11304312 -0.60039583]
 [-0.04515324  0.9908714   0.12702386]]
193
[[-0.8830502  -0.4506819  -0.13079822]
 [-0.08175012 -0.12672546  0.98856339]
 [-0.46210309  0.88364387  0.07506164]]
194
[[ 0.60593515 -0.04628126  0.79416663]
 [ 0.78588574  0.18967551 -0.58856334]
 [-0.12339451  0.98075545  0.15130284]]
195
[[ 0.9753914   0.03313819 -0.21797588]
 [-0.22035043  0.11256939 -0.96890341]
 [-0.00757029  0.99309113  0.11710123]]
196
[[ 0.86581901  0.20828561 -0.45494456]
 [-0.49648162  0.24467616 -0.83285027]
 [-0.06215663  0.94696921  0.31525525]]
197
[[-0.10135874  0.60108208 -0.79273371]
 [-0.7943093  -0.52867085 -0.29929897]
 [-0.59899845  0.59933919  0.5310305 ]]
198
[[-0.8889461  -0.06816683  0.45291072]
 [ 0.45715248 -0.1926027   0.86828325]
 [ 0.02804371  0.97890627  0.20237606]]
199
[[-0.90232204  0.08702797 -0.42218606]
 [-0.42785577 -0.0615726   0.90174733]
 [ 0.05248215  0.99430124  0.09279374]]
200
[[-0.96957461  0.10064241 -0.22315057]
 [-0.23107472 -0.07536953  0.97001232]
 [ 0.08080562  0.99206378  0.0963323 ]]
201
[[-0.98708982  0.08973872 -0.13266742]
 [-0.14814858 -0.19673557  0.96919921]
 [ 0.0608743   0.97634117  0.20749034]]
202
[[-0.92805016 -0.01347557  0.37221138]
 [ 0.3695805  -0.15724115  0.91579772]
 [ 0.04618605  0.98746829  0.15090798]]
203
[[-0.44986908 -0.32351473  0.83243981]
 [ 0.89305114 -0.15376675  0.42286575]
 [-0.00880174  0.93364555  0.3580901 ]]
204
[[-0.2820713  -0.21891146  0.93408434]
 [ 0.90928105  0.24955004  0.3330657 ]
 [-0.30601268  0.94329346  0.12866114]]
205
[[-0.34999753 -0.29616906  0.88869883]
 [ 0.93619551 -0.07793618  0.34273009]
 [-0.03224426  0.95195054  0.30454962]]
206
[[-3.55981340e-01 -2.93444337e-01  8.87224721e-01]
 [ 9.34493017e-01 -1.11483985e-01  3.38074138e-01]
 [-2.94594119e-04  9.49453391e-01  3.13907902e-01]]
207
[[ 0.46003222  0.26121365 -0.84860932]
 [-0.88439175  0.0498987  -0.46407041]
 [-0.07887703  0.96399043  0.25397021]]
208
[[ 0.85315965  0.17190011 -0.49251292]
 [-0.51976981  0.20004289 -0.83055535]
 [-0.04424884  0.96458965  0.26001701]]
209
[[ 0.5660563   0.09704339  0.81863475]
 [ 0.70961994  0.44803393 -0.54378777]
 [-0.41954715  0.88873403  0.18474851]]
210
[[-0.10226413  0.25710522 -0.96095731]
 [-0.99451034 -0.04794794  0.09300629]
 [-0.02216352  0.96519319  0.26059715]]
211
[[-0.98422452 -0.01170994 -0.17653606]
 [-0.17469683 -0.09350221  0.98017261]
 [-0.02798427  0.99555021  0.08998148]]
212
[[-0.86688832  0.15892659 -0.47249019]
 [-0.49687348 -0.19890803  0.84472027]
 [ 0.04026642  0.96704598  0.25139746]]
213
[[ 0.11020818 -0.75101463  0.65102318]
 [ 0.98891643  0.14842427  0.00381264]
 [-0.09949099  0.64338733  0.75904827]]
214
[[ 0.69737646  0.12539112  0.70565086]
 [ 0.7042505   0.06286289 -0.70716299]
 [-0.13303122  0.99011379 -0.04446766]]
215
[[ 0.87858384  0.07502254  0.47165883]
 [ 0.47328641 -0.0045177  -0.88089702]
 [-0.06395632  0.9971716  -0.03947632]]
216
[[-0.56851049 -0.1000726   0.81656677]
 [ 0.82236048 -0.04164083  0.56744099]
 [-0.02278278  0.9941084   0.105969  ]]
217
[[ 0.79203115 -0.23144567 -0.56490668]
 [-0.2725943   0.69389449 -0.66648539]
 [ 0.54624079  0.68186753  0.48649529]]
218
[[-0.99826908 -0.02264797 -0.05427628]
 [-0.04825929 -0.21202085  0.97607285]
 [-0.03361377  0.97700268  0.21056088]]
219
[[-0.08175493 -0.07314341  0.99396488]
 [ 0.989768    0.11105991  0.08958235]
 [-0.11694201  0.99111843  0.06331531]]
220
[[ 0.83487146 -0.54898809  0.04002144]
 [ 0.11810646  0.10764639 -0.98714898]
 [ 0.53762487  0.82886931  0.15470994]]
221
[[ 0.11857991 -0.02078203  0.99272701]
 [ 0.99282112 -0.01327951 -0.11886915]
 [ 0.01565327  0.99969583  0.01905815]]
222
[[ 0.89599734  0.06016777 -0.43996431]
 [-0.44382219  0.15371892 -0.88283201]
 [ 0.01451281  0.98628106  0.16443554]]
223
[[ 0.92013916 -0.08954213  0.38121664]
 [ 0.38970451  0.1139318  -0.91386538]
 [ 0.03839676  0.98944517  0.13972808]]
224
[[ 0.99897297  0.04383746 -0.01145773]
 [-0.01741971  0.13813962 -0.99025956]
 [-0.0418277   0.98944213  0.13876139]]
225
[[ 0.66353241 -0.06384547  0.74541833]
 [ 0.74814352  0.05989004 -0.66082862]
 [-0.00245222  0.9961611   0.08750456]]
226
[[ 0.78014491 -0.05818726  0.62288696]
 [ 0.62492473  0.02627369 -0.78024277]
 [ 0.02903465  0.99795989  0.05685994]]
227
[[-0.95302676 -0.0262329   0.30174796]
 [ 0.30288192 -0.07729675  0.94988829]
 [-0.00159419  0.99666296  0.08161134]]
228
[[-0.94009052  0.0318161   0.3394371 ]
 [ 0.33222225 -0.13803118  0.9330465 ]
 [ 0.0765388   0.98991673  0.11919178]]
229
[[-0.16565904 -0.16860386 -0.97166343]
 [-0.98613177  0.01826926  0.16495566]
 [-0.01006059  0.98551457 -0.16929209]]
230
[[ 0.99960682 -0.0208387  -0.01876031]
 [-0.02174181 -0.15355775 -0.98790046]
 [ 0.01770577  0.98791992 -0.15395045]]
231
[[ 0.74841301 -0.05499084 -0.66094929]
 [-0.66297891 -0.08961035 -0.74325564]
 [-0.01835564  0.99445764 -0.10352332]]
232
[[-0.68207516  0.07253508  0.72767585]
 [ 0.61550033 -0.480382    0.62481396]
 [ 0.39488331  0.8740548   0.28301126]]
233
[[-0.86147213  0.28372825  0.42114611]
 [ 0.30068784 -0.38330703  0.87330553]
 [ 0.40920971  0.87896189  0.24489469]]
234
[[ 0.38748683 -0.42361577  0.8187818 ]
 [ 0.88401928 -0.08116083 -0.46035077]
 [ 0.26146486  0.90219876  0.34303576]]
235
[[-0.52062155  0.47253858 -0.71109809]
 [-0.84069148 -0.13840648  0.52352791]
 [ 0.14896655  0.87037402  0.46931656]]
236
[[ 0.34751116  0.40754492 -0.84447803]
 [-0.9350284   0.21824217 -0.27944992]
 [ 0.07041232  0.8867229   0.45690766]]
237
[[ 0.74069828 -0.32146818  0.58993581]
 [ 0.53024878 -0.25948653 -0.80715734]
 [ 0.4125558   0.9106728  -0.02174312]]
238
[[-0.89622817 -0.07774737  0.43672693]
 [ 0.42049167 -0.46247293  0.78058026]
 [ 0.14128632  0.88321806  0.44717339]]
239
[[ 0.93043365  0.04155623  0.36409655]
 [ 0.31757933  0.40432568 -0.85770864]
 [-0.18285672  0.91367052  0.36300082]]
240
[[ 0.69418549 -0.03123544  0.71911811]
 [ 0.70168895  0.2520447  -0.66641286]
 [-0.16043421  0.96721136  0.19688333]]
241
[[ 0.75364889 -0.07876895  0.65254028]
 [ 0.64049895  0.31089923 -0.70221277]
 [-0.14756171  0.94717323  0.28476029]]
242
[[-0.36064033 -0.49516987  0.79040834]
 [ 0.85226507  0.16933161  0.49494552]
 [-0.37892322  0.85213473  0.36094817]]
243
[[ 0.03996267 -0.32096553  0.94624739]
 [ 0.9967233  -0.05384649 -0.06035905]
 [ 0.07032528  0.94555893  0.31776197]]
244
[[-0.3167929  -0.26517737  0.91067185]
 [ 0.94829552 -0.06887233  0.30982609]
 [-0.01943878  0.96173675  0.27328477]]
245
[[ 0.17812887  0.30330299 -0.9360969 ]
 [-0.98125093  0.12590419 -0.14592721]
 [ 0.07359836  0.9445398   0.32004351]]
246
[[-0.31350656  0.19411376 -0.92953402]
 [-0.92829514  0.14347368  0.3430502 ]
 [ 0.19995443  0.97043039  0.13521492]]
247
[[ 0.42692594  0.05720464 -0.90247541]
 [-0.89789042  0.1453062  -0.41554652]
 [ 0.10736408  0.98773161  0.11339849]]
248
[[ 0.97814685  0.00614557 -0.20782436]
 [-0.20484432  0.19964596 -0.95821725]
 [ 0.0356025   0.97984883  0.19654196]]
249
[[ 0.38181686 -0.1551527   0.91112212]
 [ 0.92411274  0.04785754 -0.3791112 ]
 [ 0.01521607  0.98673061  0.1616514 ]]
250
[[ 0.98332388 -0.04813965  0.17537594]
 [ 0.18153846  0.31740753 -0.93075037]
 [-0.01085964  0.94706654  0.3208536 ]]
251
[[ 0.99152195 -0.05104958  0.11949131]
 [ 0.12948014  0.31092265 -0.94157421]
 [ 0.01091441  0.94906325  0.31489654]]
252
[[ 0.91819571  0.15969429 -0.36251119]
 [-0.39593135  0.34121642 -0.85253136]
 [-0.01244962  0.92632019  0.37653143]]
253
[[ 0.01290347  0.38310611 -0.92361421]
 [-0.99631837 -0.07336687 -0.04435105]
 [-0.08475384  0.92078609  0.38074896]]
254
[[-0.1267464  -0.24517832  0.96115708]
 [ 0.98812537 -0.11605103  0.1006996 ]
 [ 0.08685391  0.96250701  0.25697597]]
255
[[ 0.30358249 -0.24518203  0.92071898]
 [ 0.94708147 -0.02810924 -0.31976015]
 [ 0.10428015  0.96906947  0.22367388]]
256
[[-0.4392451  -0.54434949  0.71466591]
 [ 0.87208997 -0.06736993  0.48468586]
 [-0.21569151  0.83614886  0.50431364]]
257
[[ 0.28848486 -0.19648538  0.93710724]
 [ 0.95617162  0.00788425 -0.29270064]
 [ 0.05012301  0.98047506  0.19014823]]
258
[[ 0.9428864  -0.2297965   0.24116136]
 [ 0.30747252  0.32183598 -0.89547878]
 [ 0.12816349  0.91848526  0.37411088]]
259
[[-0.22661305 -0.26835191  0.93628723]
 [ 0.97382698 -0.07973473  0.21284594]
 [ 0.017537    0.96001543  0.27939726]]
260
[[-0.31320848 -0.20826024  0.92656793]
 [ 0.94958368 -0.05446846  0.3087459 ]
 [-0.01383077  0.97655561  0.21482051]]
261
[[ 0.93970813 -0.03779774  0.33988227]
 [ 0.34130145  0.1661217  -0.92515777]
 [-0.02149295  0.98538059  0.16900634]]
262
[[ 0.92947119 -0.17106585  0.32683296]
 [ 0.3623108   0.25668533 -0.89601536]
 [ 0.0693844   0.95123557  0.30056062]]
263
[[ 0.52394476 -0.35521375  0.77414797]
 [ 0.84807443  0.13319047 -0.51286457]
 [ 0.07906741  0.9252478   0.37103214]]
264
[[ 0.54605227 -0.32247877  0.77319749]
 [ 0.82649835  0.05660615 -0.56008591]
 [ 0.13684808  0.94488263  0.29743809]]
265
[[ 0.69358067  0.07052896  0.71691807]
 [ 0.53530615  0.61551721 -0.578434  ]
 [-0.48207176  0.78496129  0.38915625]]
266
[[ 0.56451646 -0.3222733   0.75990861]
 [ 0.81953666  0.10909516 -0.56254591]
 [ 0.09839117  0.94033939  0.3257008 ]]
267
[[ 0.84999322 -0.30448298  0.42988561]
 [ 0.51763721  0.33126406 -0.78886998]
 [ 0.09779183  0.89305892  0.43918392]]
268
[[-0.41077791 -0.29747023  0.86184277]
 [ 0.89904019 -0.28935424  0.32863486]
 [ 0.15161877  0.90982723  0.38629802]]
269
[[ 0.85150105 -0.28517821  0.44002199]
 [ 0.50741512  0.23657777 -0.82858968]
 [ 0.1321963   0.92881879  0.34614996]]
270
[[-0.67742097  0.15943847 -0.71810877]
 [-0.72812496 -0.0065607   0.68541301]
 [ 0.10456991  0.98718607  0.12053548]]
271
[[-0.8943017   0.15217801 -0.42079248]
 [-0.42966799 -0.02947306  0.90250582]
 [ 0.1249395   0.98791355  0.09174383]]
272
[[-0.98836934  0.15068026  0.02053065]
 [ 0.00264269 -0.11796687  0.99301401]
 [ 0.15204954  0.98151886  0.11619664]]
273
[[ 0.00174381 -0.06232177 -0.99805459]
 [-0.99917972  0.04027078 -0.00426041]
 [ 0.04045795  0.99724333 -0.06220042]]
274
[[ 0.6483075  -0.31105912 -0.69493857]
 [-0.63983177  0.2721492  -0.71871421]
 [ 0.41268958  0.91059159 -0.02258914]]
275
[[-0.57355381 -0.21758893  0.78974115]
 [ 0.81344422 -0.03751661  0.58043175]
 [-0.09666711  0.97531921  0.19851425]]
276
[[-0.39810224  0.2953265  -0.86850266]
 [-0.83407703  0.27759317  0.47671536]
 [ 0.38187708  0.91417957  0.13581458]]
277
[[-0.18487269  0.24860226 -0.95079914]
 [-0.98141615  0.00392234  0.1918514 ]
 [ 0.05142405  0.96859771  0.24325714]]
278
[[ 0.55739792  0.13238255 -0.81962334]
 [-0.70338705  0.59976811 -0.38147723]
 [ 0.44108301  0.78914706  0.42742567]]
279
[[ 0.94050338 -0.18260754  0.28654474]
 [ 0.32641406  0.25131984 -0.91120371]
 [ 0.09437829  0.95052239  0.29597283]]
280
[[-0.59785118 -0.00283115  0.80160212]
 [ 0.79546769 -0.12562248  0.59283231]
 [ 0.09902085  0.99207408  0.07735564]]
281
[[-0.13156645 -0.38003104  0.91556904]
 [ 0.98798584 -0.12581236  0.08975095]
 [ 0.08108176  0.91637746  0.39201797]]
282
[[ 0.37038229 -0.05466007  0.92726977]
 [ 0.92799346  0.065364   -0.36681832]
 [-0.04055975  0.9963633   0.07493385]]
283
[[ 0.16682375 -0.08965056  0.98190255]
 [ 0.98506685  0.05816155 -0.16205104]
 [-0.04258101  0.99427361  0.09801452]]
284
[[ 0.95037147  0.03015676  0.30965244]
 [ 0.30216929  0.14751647 -0.941771  ]
 [-0.0740796   0.98859975  0.131083  ]]
285
[[ 0.30153694 -0.19384486  0.93354145]
 [ 0.95321924  0.03954037 -0.29968258]
 [ 0.02117935  0.98023504  0.19669953]]
286
[[ 0.90095188 -0.13427165  0.41262191]
 [ 0.42971253  0.14400076 -0.89140951]
 [ 0.06027316  0.98042588  0.18743596]]
287
[[-0.87157632 -0.09490662  0.48098592]
 [ 0.46347014 -0.47937598  0.74524768]
 [ 0.15984416  0.87246284  0.46179913]]
288
[[-0.81505929 -0.08666305  0.57285938]
 [ 0.56333066 -0.34963312  0.74860888]
 [ 0.13541388  0.93286987  0.33379167]]
289
[[-0.91715143 -0.08721775  0.38887828]
 [ 0.3902469  -0.39454428  0.83189072]
 [ 0.08087406  0.9147283   0.39589331]]
290
[[ 0.5673246   0.36785867 -0.73676508]
 [-0.67422092  0.72119314 -0.15908051]
 [ 0.47283078  0.58699272  0.65716863]]
291
[[-0.10537047  0.2157106  -0.97075538]
 [-0.99253553  0.03746299  0.11605921]
 [ 0.0614026   0.97573842  0.21015294]]
292
[[-0.78025671  0.03918294  0.62423085]
 [ 0.62449098 -0.0067121   0.78100318]
 [ 0.0347919   0.99920951 -0.01923223]]
293
[[-0.43550816 -0.01478544  0.90006335]
 [ 0.89915328 -0.05499714  0.43416437]
 [ 0.0430816   0.99837704  0.03724608]]
294
[[ 0.16187701 -0.02595912  0.98646944]
 [ 0.98571867  0.05127484 -0.1604045 ]
 [-0.0464171   0.99834714  0.03388861]]
295
[[-0.3706142   0.23194223 -0.89935972]
 [-0.92876401 -0.09934874  0.35710957]
 [-0.00652146  0.96764282  0.25223965]]
296
[[-0.32057007  0.28671179 -0.90279077]
 [-0.9470289  -0.07762894  0.31162479]
 [ 0.01926381  0.95486653  0.29640987]]
297
[[-0.9463085  -0.05878045  0.31787589]
 [ 0.32297561 -0.21351165  0.92200842]
 [ 0.01367414  0.97517057  0.22103255]]
298
[[ 0.98419443 -0.09245321 -0.15104217]
 [-0.11976274  0.28081065 -0.95226166]
 [ 0.1304539   0.95529984  0.26529982]]
299
[[ 0.93251856  0.00160016 -0.36111849]
 [-0.34241664  0.32158291 -0.88279968]
 [ 0.11471692  0.94688007  0.30042995]]
300
[[ 0.72461974 -0.23229876  0.64881701]
 [ 0.68790272  0.18722032 -0.70124061]
 [ 0.04142559  0.95445578  0.29546249]]
301
[[ 0.59924991 -0.17654553  0.78085288]
 [ 0.79742974  0.21783159 -0.56272125]
 [-0.0707485   0.95988597  0.27131821]]
302
[[ 0.50623665 -0.07171902  0.85940726]
 [ 0.80333004 -0.32323672 -0.50017884]
 [ 0.31366432  0.94359653 -0.10602023]]
303
[[-0.72374429 -0.16846054 -0.66919   ]
 [-0.68846614  0.11022907  0.71684303]
 [-0.04699557  0.9795257  -0.19575704]]
304
[[-0.85441611  0.16319815 -0.49329451]
 [-0.51953393 -0.28220433  0.80650184]
 [-0.00759024  0.9453714   0.32590691]]
305
[[-0.61543641 -0.14678396  0.77439815]
 [ 0.73362006 -0.46588848  0.49472166]
 [ 0.28816598  0.87258374  0.39440839]]
306
[[-0.83639824  0.10034866 -0.53885818]
 [-0.54755291 -0.19776276  0.81306562]
 [-0.02497603  0.97510001  0.22035462]]
307
[[-0.98995682  0.05147419 -0.13166585]
 [-0.13935129 -0.1984727   0.97014937]
 [ 0.02380558  0.9787538   0.2036524 ]]
308
[[ 0.20307919  0.18299018 -0.96191134]
 [-0.97882657  0.06366304 -0.19453934]
 [ 0.02563941  0.98105128  0.19204429]]
309
[[-0.33645494 -0.17444583  0.92540084]
 [ 0.93974949 -0.12540657  0.3180316 ]
 [ 0.06057206  0.97664827  0.20612904]]
310
[[-0.48130562 -0.13973695  0.86534298]
 [ 0.87488407 -0.1374695   0.46441361]
 [ 0.05406252  0.98059967  0.18841847]]
311
[[-0.02545356 -0.34098744  0.9397232 ]
 [ 0.99944025  0.01173419  0.03132893]
 [-0.02170967  0.93999461  0.34049789]]
312
[[-0.63092322 -0.26167719  0.7303841 ]
 [ 0.77575583 -0.22706802  0.58876397]
 [ 0.01178077  0.93806458  0.34626009]]
313
[[-0.1336511   0.43134954 -0.89223033]
 [-0.99045764 -0.08869111  0.10548721]
 [-0.03363104  0.89781483  0.43908711]]
314
[[-0.80049721  0.26344709 -0.53833061]
 [-0.59930603 -0.36090554  0.71454844]
 [-0.00604079  0.89461882  0.4467893 ]]
315
[[ 0.24313498  0.44708786 -0.8608123 ]
 [-0.96539287  0.02521334 -0.2595783 ]
 [-0.09435035  0.89413463  0.43774568]]
316
[[-0.93440304  0.00759126 -0.35613666]
 [-0.34466379 -0.27183016  0.89850722]
 [-0.08998788  0.9623153   0.25661536]]
317
[[-0.92977907 -0.03939659  0.36600382]
 [ 0.3656201  -0.21446155  0.9057197 ]
 [ 0.04281148  0.97593758  0.21380605]]
318
[[-0.97969735  0.0039776  -0.20044269]
 [-0.1947318  -0.25661978  0.94669204]
 [-0.047672    0.96650425  0.25218429]]
319
[[-0.85404858  0.05934943 -0.51679655]
 [-0.51971885 -0.13976991  0.8428266 ]
 [-0.02221133  0.98840377  0.15021532]]
320
[[ 0.37470137 -0.46788067  0.80042899]
 [ 0.91171241  0.0290783  -0.40979865]
 [ 0.16846175  0.88331316  0.43746829]]
321
[[-0.99950379  0.00903875 -0.03017395]
 [-0.03134947 -0.37858368  0.925036  ]
 [-0.00306219  0.92552293  0.37867919]]
322
[[-0.51699169 -0.29996802  0.80170991]
 [ 0.85598959 -0.18247223  0.48372069]
 [ 0.00118906  0.93633491  0.35110613]]
323
[[ 0.95318368  0.13994624 -0.26805954]
 [-0.29323753  0.21130875 -0.93239496]
 [-0.07384184  0.96734878  0.24245354]]
324
[[ 0.3255505   0.21912509 -0.91978316]
 [-0.94541298  0.06048659 -0.32021192]
 [-0.01453192  0.97382009  0.22685514]]
325
[[-0.11895803  0.22368987 -0.96737368]
 [-0.99274801 -0.04380253  0.11194967]
 [-0.0173314   0.9736756   0.22727834]]
326
[[ 0.87012889  0.13146252 -0.47496666]
 [-0.49027261  0.13296239 -0.86136739]
 [-0.05008482  0.98236379  0.18014689]]
327
